4503
5038
37
164
181
312
430
547
614
662
882
968
1237
1243
1378
1498
1955
2025
2096
2142
2177
2180
2265
2416
2679
2757
3083
3099
3152
3280
3513
3603
3659
3864
3936
4027
4103
4304
4318
4416
4642
4691
5071
5145
5305
5412
842
1202
1231
1884
2015
2033
2105
2264
2562
2791
2798
2847
2978
3139
3236
3311
3503
3862
4143
5053
5249
5404
600
1831
5112
2251
2857
3265
339
1933
317
1763
1803
1897
1943
2000
2233
2434
3284
3407
3554
4448
4921
5376
721
791
1343
1580
1748
1767
1976
2119
2569
2955
3452
3725
4046
4225
4492
4687
5509
6067
1881
2232
2976
182
4420
5035
5235
1317
651
1402
1593
1729
2234
2313
3912
766
1112
1278
2285
4070
4364
5417
825
3100
3618
4366
806
2494
1011
1741
2851
1974
2468
3048
487
1966
5339
3592
1862
3628
3069
3237
5930
2570
3902
328
824
1662
2094
2573
4521
5127
5318
3420
66
278
378
473
870
905
1087
1170
1512
1538
1563
1598
1749
1815
1816
1883
2141
2236
2338
2635
2728
2789
2995
3331
3349
3441
3517
3598
3638
3870
4005
4064
4117
4178
4211
4273
4766
4943
5001
5520
5765
97
3763
492
1614
1725
4037
4317
4888
267
446
1869
3948
4425
5221
1244
2714
902
1007
1080
1302
1352
1368
1988
2160
2186
2464
2579
2601
2782
2913
2980
3612
3705
3964
4393
4732
4803
5326
6447
294
580
680
1691
1717
2487
2681
3243
3568
4053
4093
4119
5490
2312
2007
260
3697
1366
3179
3519
4909
185
793
880
1267
1411
1635
4168
4269
4550
4856
4932
1648
1804
2678
2894
3074
3809
3499
4330
99
374
1377
3013
4432
265
677
4483
5212
67
2552
3056
3397
4601
4984
254
4144
222
1239
4403
2128
1834
4775
3188
871
1214
550
2994
593
2080
2343
3386
3414
4222
4461
5117
332
576
1338
1477
1623
1675
1728
1764
2041
2066
2295
2405
2411
2456
2528
2717
2919
2972
2982
3132
3256
3314
3479
3548
3919
4214
4245
4300
4524
4840
4854
5174
5575
5831
5965
6027
6213
2739
154
167
781
1079
1196
1359
2557
2662
2860
2948
3036
3135
3600
3760
4184
4274
4561
4658
5843
1511
2993
386
3797
2517
1707
3253
470
977
1776
2058
2266
2318
2524
2607
2667
2719
2936
3105
3208
3439
3639
3746
3863
3879
3966
4084
4517
4848
5090
5349
5667
1575
1876
2097
2190
2656
2745
2810
2840
2911
3041
3061
3151
4419
4433
4528
4873
4987
5767
2623
3967
639
5224
302
1026
1261
4871
2916
3569
3995
4737
5194
5726
1681
1704
3278
3494
3831
4549
4751
4853
810
3326
241
789
1315
2317
2808
2942
3183
3640
5208
5712
4505
6283
5115
750
2214
2578
3323
4187
5052
3701
3945
1092
1809
2675
3856
2306
2882
2984
5785
6172
2118
1582
1670
134
251
1284
3710
4587
5367
3595
4387
5645
3089
4392
1490
540
1958
2544
2673
3579
3921
6366
4321
4799
225
663
687
700
814
828
1023
1081
1379
1683
1687
1737
1765
1818
1844
2116
2182
2348
2366
2481
2633
2659
2705
2726
2853
2871
2923
3014
3161
3196
3266
3276
3299
3319
3539
3772
3803
3845
3975
3985
3991
4224
4252
4253
4428
4613
4694
4823
5214
5269
5433
5506
5628
5658
5723
257
782
1143
1147
1630
2093
3077
3492
4408
4819
5461
442
1290
3248
4424
5799
4557
1160
1335
1492
3559
3685
476
772
841
1139
1562
1899
1948
2021
2129
2400
2622
2842
3250
3484
3572
3667
3777
3817
4006
4301
4384
4401
4409
4484
4673
4818
5147
5182
5952
926
1074
1383
1530
2014
2115
2156
2201
2634
2650
2819
2885
3235
3380
3401
3518
3609
4045
4048
4267
4376
4400
4625
5230
5554
5560
5614
5852
5926
5957
422
2513
2599
2751
3770
3899
914
847
3428
407
1385
1474
2399
2687
3189
3594
3915
4033
5021
3106
3601
4759
4810
1276
4562
963
160
844
2151
2195
2903
2918
3130
4207
4926
5427
2897
228
3800
4553
6301
2035
1324
1736
2359
2969
4945
349
514
759
1246
2008
2139
2640
2914
3207
3433
4747
5700
5933
1626
5706
4800
5499
4326
4231
2152
3223
2747
3630
144
3251
4030
4108
3008
3999
4136
2585
1037
5280
3535
4116
790
2725
3585
5677
2294
3560
4305
2734
4507
1223
3834
441
986
1940
2293
3403
3496
4078
4196
4380
4546
5751
5830
7230
2533
21
114
127
206
253
358
490
921
1040
1114
1312
1540
1566
1895
1913
1968
2042
2055
2067
2150
2187
2250
2353
2574
2698
2859
3047
3211
3277
3290
3327
3352
3377
3388
3500
3717
3920
4150
4163
4230
4558
4762
4956
5095
5193
5572
5721
5842
5954
5986
6111
6607
6669
3662
2807
6284
6422
890
1700
1889
2228
2538
2752
3664
3813
4335
4381
4427
4593
6707
1043
1441
2204
5275
6239
5078
3007
3081
3279
3799
3823
5073
754
1049
1346
1396
1537
1618
1888
2268
2278
2346
2632
2666
2852
2886
3313
3455
3515
3658
3758
3776
4044
4172
4746
4830
4845
4993
5164
5329
5430
5619
5782
5822
414
892
1219
1354
1494
1864
2146
2147
2175
2392
2492
2665
2776
3346
3362
3590
3815
3894
3918
4159
4250
4294
4338
4443
4614
4668
4822
5156
5163
5341
5514
5740
5921
5981
6362
6407
6776
4118
1167
2977
4720
5094
5904
6704
7501
2603
5006
5134
5787
6006
3673
4234
4423
406
135
381
840
1296
1758
2290
3032
3283
3294
3460
3538
3694
3754
4094
4362
6104
6315
475
499
947
1145
2606
2651
2700
2804
3378
3438
3650
4285
4480
4965
5083
5336
6077
351
1138
1501
2061
4101
4920
4974
5699
7411
2765
3523
1772
3558
3908
2386
2883
3343
2688
3613
1125
1637
3098
4016
4632
53
453
686
1682
2209
2616
2684
2946
3375
3840
3993
4121
4395
4453
4648
4855
5537
6075
6757
119
896
1799
3268
4176
5119
3636
4554
4887
2783
3310
5011
230
2362
2715
5960
377
3129
4781
5863
1766
6443
2931
3564
4165
6023
2756
802
1322
2270
4164
808
1401
3672
269
3015
4055
5858
5219
5378
2925
5363
2743
2029
2219
4205
5059
5089
3202
3849
4991
1963
3415
2932
6095
1628
2210
2484
5217
5746
595
813
1439
1959
2709
2846
2898
3044
3172
3336
4312
193
304
502
585
710
826
1134
1164
1329
2154
2316
2347
2440
2501
2576
2613
2826
2855
2861
2889
3040
3304
3643
3720
3744
3798
3951
3988
4111
4166
4199
4238
4331
4476
4493
4535
4624
4656
4672
4727
4842
4890
4903
4908
4935
4960
5048
5200
5251
5297
5362
5374
5701
5764
5899
6059
6206
6326
6911
7322
7402
4649
421
582
1053
1673
2429
3091
3463
3624
3925
3941
4479
4629
4651
4922
5041
5322
5906
5908
7534
3002
3773
5207
6069
4579
2890
3141
4609
5180
5338
5825
525
692
1073
1098
1291
2170
2202
2322
2657
2856
3163
3306
3706
3881
3895
3978
4012
4041
4076
4390
4734
5513
6568
6883
6998
400
822
895
990
1222
1283
1299
1345
1572
1609
1849
2314
2502
2529
2531
2664
2730
2732
2774
2777
2784
2818
3131
3145
3199
3205
3249
3341
3368
3525
3606
3728
3807
3810
4087
4137
4254
4303
4441
4831
4948
4996
5082
5107
5149
5153
5548
5585
5711
5772
6079
6551
6672
7047
4003
2712
2989
3337
3928
4512
594
1946
2114
3626
4000
5070
1298
1586
1601
2836
4200
6980
1904
3649
4894
5044
344
1265
1657
1792
2604
3282
3366
3408
3759
4023
4077
4340
4357
4526
4698
4801
4864
5066
5337
5442
5558
5684
5696
5718
6030
6237
6560
6620
6685
7759
29
1287
1702
2685
2701
2787
2835
3219
3794
4272
4450
4540
5342
2301
3405
3692
4896
176
326
1543
1596
1798
1852
2192
2329
2554
2647
3382
3413
3629
3665
3878
5361
5395
5409
5720
5824
6286
6370
7122
2970
4367
1744
1972
2310
2803
2469
5432
2866
3136
3641
3653
6311
276
737
787
1825
1847
2083
2311
2367
2424
2824
3046
3466
3792
4133
4140
4194
4219
4261
4288
4617
4733
5445
5510
5539
6677
7393
678
1944
3082
3303
3435
4499
5096
5462
3244
5401
3012
4883
4489
4192
4302
229
738
1310
1750
2389
2694
5408
879
2953
3390
4644
2001
2873
2307
2939
3462
4017
1178
4692
1603
823
1294
1821
5705
6628
1945
2088
3042
3871
5334
5869
110
1213
2145
4669
5054
1463
6778
5268
545
3410
2004
2380
2391
2444
2605
4502
5353
2143
4279
5498
2162
2580
3764
6261
2216
6604
4773
2915
4849
2711
77
1119
1560
1982
2351
3162
4212
4700
4740
5282
6103
6676
116
256
291
839
924
976
993
1024
1047
1065
1186
1245
1703
1781
1829
1892
1919
1924
2049
2164
2222
2296
2495
2584
2680
2703
2793
2811
2904
3004
3023
3055
3119
3204
3274
3317
3504
3514
3645
3660
3785
3811
3829
3848
3853
3940
3957
4043
4113
4233
4336
4444
4723
4735
4736
4770
4797
4843
4936
4953
4998
5002
5120
5167
5245
5369
5483
5551
5593
5660
5728
5759
5853
5862
5888
5931
5971
6004
6064
6155
6169
6253
6309
6387
6590
6694
6726
6760
6860
7057
7139
7297
7381
7538
7785
1027
1153
1811
2330
3610
4600
4988
5017
5276
5829
5861
5880
6304
6626
7528
7955
3031
6725
7942
1467
3078
7370
768
933
1277
1355
1746
2065
2078
2217
2238
2553
2556
2727
2867
3126
3842
3933
4107
4135
4605
4805
4985
5007
5185
5238
5311
5358
5451
5777
5922
6098
6143
6183
6625
6742
6746
6761
6833
7095
7262
745
1069
1071
1285
1410
1414
1480
1952
2131
2184
2253
2292
2505
2625
2806
2834
3003
3255
3257
3364
3614
3827
3836
3914
4081
4090
4260
4405
4439
4556
4568
4595
4661
4792
4859
4913
5108
5124
5228
5247
5286
5317
5633
5775
5905
5916
5919
6328
6339
6523
6659
6693
7241
3194
4552
5121
5344
4436
6931
771
1190
2486
3457
3833
1962
2485
3200
3270
4633
6336
1820
3886
4013
4332
4861
5101
6141
7329
1187
1304
1677
1686
1822
1934
2200
2432
2668
2755
2996
3020
3128
3269
3699
3741
3927
4180
4452
4457
4621
4798
5213
5458
5623
6718
6743
2695
2825
3434
3930
4446
4666
5161
5449
5836
6265
7220
1581
6392
6118
566
688
1873
2337
2423
2523
2567
2794
2991
3471
3520
3719
3982
4022
4025
4182
4753
5618
5680
6056
6251
5626
4373
510
1464
1964
3464
3937
5103
5267
6065
6572
6856
3903
5789
5813
1020
1528
1986
2594
2962
4404
4724
5170
7389
465
907
1220
1227
1340
1425
2022
2051
2086
2302
2463
2473
2600
3062
3109
3157
3159
3190
3421
3745
4348
4523
4585
4876
4962
4978
5036
5105
5125
5240
5241
5642
5948
6073
6736
6821
6915
7202
7625
73
140
318
1926
2771
3146
3232
4089
4191
4298
4354
4469
4872
5162
5177
5340
5643
5808
6440
7265
3355
3676
3234
5818
672
5040
5815
2171
2378
2692
2706
2975
4227
4586
5755
6180
4681
1406
2973
4271
4641
1678
2542
3740
5093
5485
612
4478
5291
4198
1289
1837
2649
3045
5372
5697
2683
3944
7410
5592
6306
3703
4860
4912
7989
2626
3222
3962
3387
6482
7672
2263
3322
6210
1984
3527
4213
5569
6202
6355
6501
5676
4495
1891
5140
4097
5717
6701
3170
3998
4314
5023
3261
5086
6327
695
2959
998
2956
3543
6791
3291
3750
5500
1621
7261
3402
6185
5026
2138
3218
3209
1450
3724
2869
4817
3934
5521
4236
105
403
504
573
1130
2019
2024
2470
2832
2868
4315
4431
4680
5097
5391
5419
5722
5918
6399
6457
6559
6627
7201
7266
8525
250
303
325
815
1208
1229
1273
1314
1367
1424
1547
1583
1907
1914
2028
2231
2273
2284
2319
2508
2530
2614
2641
2642
2644
2648
2663
2669
2733
2828
2858
2892
2981
2983
3186
3213
3309
3393
3453
3495
3505
3588
3622
3651
3652
3686
3801
3822
3922
3979
3994
4047
4057
4068
4075
4203
4220
4319
4344
4359
4459
4530
4634
4729
4811
4884
4899
4915
4973
4999
5010
5022
5239
5289
5356
5383
5403
5488
5501
5512
5515
5561
5688
5691
5719
5752
5802
5844
5985
6032
6066
6133
6198
6209
6288
6331
6349
6383
6395
6511
6515
6518
6538
6640
6696
6734
6847
6952
6978
7082
7117
7175
7177
7195
7216
7641
7705
8085
8175
8178
8296
8469
8728
4014
4062
4151
4157
4161
4195
5171
5966
6242
6393
6876
6890
1421
3786
3929
6126
398
1552
1861
2298
2511
3108
3488
4802
5576
6082
6468
14
478
746
957
1182
1515
2104
2120
2283
2371
2381
2395
2636
2689
2817
3026
3301
3329
3348
3983
4104
4145
4809
4889
4919
5075
5226
5299
5440
5638
6044
6089
6615
6738
7067
7392
7691
8251
675
751
1266
1390
1428
1842
2018
2291
2564
2568
2670
3053
3057
3095
3258
3338
3634
3678
3755
3756
4063
4082
4256
4289
4296
4310
4470
4555
4606
4710
4730
5043
5051
5148
5201
5310
5346
5407
5540
5766
5806
5817
5855
6002
6081
6188
6196
6348
6390
6400
6410
6439
6562
6603
6749
6770
6801
6843
7079
7092
7097
7233
7258
7284
7298
7312
7608
8674
3052
4320
4678
7580
1747
3140
3546
4407
4785
5603
6060
6479
6948
7034
916
1275
3858
5724
7535
240
3150
3447
4572
4804
6728
7443
337
551
564
869
1871
2166
2358
2537
3112
3506
3631
3674
3909
4291
4333
4560
4567
4571
4713
4851
5313
5331
5380
5441
5563
5570
5605
5609
5816
5876
5928
5939
5958
6512
6662
6850
7043
7340
7355
7566
7901
712
723
1201
1251
1535
2879
2910
3107
3173
3924
4345
5049
5438
5707
5968
6720
6807
6941
7059
7210
7491
8552
3295
6321
3990
615
2545
5262
6368
515
1116
1633
2477
2504
2595
2654
3192
3419
3521
3526
3958
4029
4127
4472
4664
4665
4982
5088
5279
5354
5400
5530
5781
5857
5959
6021
6086
6455
7778
7850
6205
74
973
1131
2493
5250
6777
2735
3262
3396
3449
5072
5136
5811
5885
6102
6792
7016
919
1882
1989
2772
3000
3231
5463
6154
6470
7294
3426
3432
3884
4413
4538
4615
4825
5375
5702
5909
7363
7577
8070
8814
1156
1836
2031
2099
2123
2215
2239
2408
2409
2520
2550
2563
2590
2677
2691
2696
3084
3347
3498
3512
3516
3549
3616
3617
3625
3698
3716
3769
4149
4158
4206
4208
4475
4501
4510
4580
4590
4931
5237
5256
5265
5278
5332
5370
5390
5443
5675
5758
6014
6091
6240
6248
6352
6755
6789
6940
7060
7259
7388
7595
7790
7819
7835
7966
8133
637
2085
2272
2480
2645
4280
4290
4437
4508
4529
4576
4768
5379
5841
5875
5877
6428
6652
6896
6950
7037
7775
5891
7884
6408
3693
4129
4787
4080
1165
4826
6177
7306
7634
3321
3552
3711
6469
7029
4422
8000
1016
4653
860
915
3073
4074
2334
5625
6765
7796
2627
4021
5967
676
1587
5992
1453
1920
1923
2135
3986
4009
4162
4337
5708
6204
6510
6727
7318
1121
5087
7181
1720
549
1771
2158
2174
2690
3581
4951
5028
5123
5532
5611
6028
6609
6786
7334
7516
2702
3038
3968
4204
6386
8152
8585
4520
4627
4878
5144
6375
2820
4429
5654
8118
3320
1578
2309
4697
1970
3752
5553
4138
2137
653
1539
3784
4660
5290
5867
6481
6954
8226
937
3542
4417
6140
6961
5525
5590
6638
8115
4060
4496
6052
3502
4454
4573
4643
6361
6719
6894
7277
591
1348
2430
3195
4229
4869
6689
8210
308
1887
5727
6181
6201
6573
6637
7115
671
816
1044
1785
2992
3356
4083
4924
5209
6215
6236
6816
2671
7517
3913
2193
1151
1211
1695
1930
2577
3540
3830
4026
4598
5832
6861
6997
7536
8182
2102
2117
6019
7332
4767
8048
3537
7947
1306
4399
6871
1589
5141
353
6654
4783
7459
4534
6207
7229
1886
3646
3260
4639
4928
5924
7622
6020
6026
3960
6489
7660
6417
4760
6145
7473
190
2305
2515
2535
4066
4268
4497
4718
4782
5301
5327
5599
6071
6364
6613
6785
7576
7624
7744
2
24
166
231
336
508
567
630
955
960
1171
1307
1356
1373
1386
1735
1782
1791
2198
2345
2451
2547
2548
2704
2741
2754
2792
2902
2965
3024
3033
3071
3120
3240
3333
3376
3394
3400
3480
3487
3578
3663
3734
3814
3844
3847
3857
3939
4020
4040
4054
4114
4154
4221
4374
4418
4430
4607
4638
4667
4685
4717
4726
4731
4749
4828
4938
5008
5110
5133
5157
5211
5283
5312
5424
5437
5474
5524
5564
5594
5601
5627
5656
5703
5742
5790
5820
5834
5864
5923
5942
5953
5962
6018
6114
6136
6179
6184
6192
6254
6263
6273
6278
6289
6314
6433
6459
6463
6524
6576
6581
6587
6601
6642
6643
6747
6771
6809
6832
6882
6969
6982
7010
7015
7020
7027
7070
7148
7182
7222
7384
7413
7437
7465
7477
7512
7533
7559
7568
7573
7615
7639
7688
7726
7735
7750
7816
7859
7907
7912
7930
7972
7985
8037
8063
8093
8101
8116
8142
8171
8300
8310
8369
8502
8568
8688
8720
8760
91
1400
1759
1896
2591
4257
4346
4622
4946
4949
5165
5826
7519
7555
6340
4776
4816
2039
6005
4705
5139
6372
6928
7896
649
2225
2629
3118
3563
3571
3627
3654
3819
3852
4509
4763
5234
5270
5517
5571
5725
5837
5900
5961
6110
6176
6388
6419
6514
6711
6895
6917
7006
7061
7116
7184
7197
7255
7342
7521
7649
7772
8076
8098
8132
8465
8562
8909
342
523
711
724
817
864
1216
1398
1462
1553
1745
1761
2068
2077
2106
2208
2230
2248
2465
2555
2561
2926
2950
3137
3340
3353
3372
3443
3458
3534
3632
3670
3950
4120
4177
4186
4259
4281
4293
4498
4583
4716
4784
4967
4986
5000
5079
5102
5204
5216
5225
5335
5345
5394
5426
5497
5502
5523
5544
5604
5631
5635
5652
5849
5887
5893
5940
6007
6025
6074
6105
6211
6224
6262
6308
6402
6494
6509
6543
6631
6783
6863
6968
7024
7042
7062
7091
7112
7319
7320
7352
7425
7444
7619
7635
7663
7745
7769
7871
7906
8049
8202
8491
8531
6799
1716
1942
2800
2887
3125
3657
4058
4748
4990
5333
6078
6322
8079
2103
3874
6094
7214
7408
5069
2280
3392
4865
5039
5205
5343
5622
5882
6935
7299
7497
7584
7916
8083
8123
8303
2676
633
859
1157
1590
1669
2071
2075
2954
3147
3215
3541
3926
4072
4109
4263
4342
4657
4795
4929
5453
5489
6305
6421
6473
6484
6555
6722
6740
7339
7518
7706
7715
8075
8274
8385
8783
1136
1774
2560
2693
2838
3330
3483
3709
3768
3977
4100
4541
5084
5274
5519
5527
5989
6159
6396
6737
6839
6867
7076
7078
7240
7485
7696
7924
8105
8407
8633
26
5137
6635
7941
3493
5753
214
683
862
953
1427
2163
2377
2572
2618
2750
2929
3121
3308
3450
3733
4004
4174
4223
4306
4363
4372
4394
4491
4829
5152
5176
5191
5202
5294
5324
5505
6034
6037
6048
6106
6156
6230
6338
6550
6567
6575
6586
6714
6797
6812
6907
6966
7058
7068
7130
7142
7168
7281
7435
7499
7668
7795
7936
8025
8102
8273
5386
7903
2621
2768
3680
3989
5143
6690
8188
2446
5360
35
3976
4079
4193
5166
5189
5281
5610
5896
6197
6350
6634
6678
7141
7470
7714
8555
8743
1786
4375
4378
7039
1739
2124
2134
2427
3058
4777
5196
5293
5405
5582
5650
5754
6295
6347
6442
6827
7558
7617
7802
8609
38
364
533
858
1456
1458
1510
1794
1938
2241
2587
2630
3275
3359
3384
3553
3567
3644
3751
3824
3839
3873
3917
3943
3992
4051
4059
4088
4309
4329
4449
4547
4577
4684
4695
4709
4715
4738
4778
4779
4836
4917
4950
4952
5013
5118
5122
5218
5273
5284
5355
5425
5435
5538
5545
5584
5620
5819
5937
5970
5995
6024
6109
6113
6157
6234
6257
6351
6353
6431
6526
6554
6580
6585
6751
6767
6886
6953
6995
7008
7017
7094
7123
7183
7187
7288
7366
7378
7403
7460
7723
7838
8058
8134
8228
8290
8343
8359
8372
8498
8499
8649
8681
370
1017
1169
1908
1957
2315
3116
3748
4284
4358
4654
4706
4881
4957
4959
5151
5471
5522
5674
5810
6088
6093
6160
6335
6458
6516
6529
6914
6930
7285
7369
7377
7442
7550
7870
8004
8013
8081
8196
8237
8511
2005
5359
6857
4683
4764
5480
6539
6708
7582
8045
8194
1858
3445
3687
4024
4569
5242
5429
5801
6058
6456
6670
7185
8351
8873
2877
4939
5045
6249
6416
7267
7810
5271
3642
5277
1496
3805
4188
4914
5323
5550
5671
5835
5990
6264
6820
6859
7544
7671
7894
8039
1577
6553
8466
3729
3942
4954
5694
6084
6629
7808
2863
4813
7022
107
1048
1901
3476
3575
4067
4295
4414
5602
5670
6564
6611
6657
6909
6938
7107
7150
7628
1826
3826
4628
1947
1996
3238
3551
8149
3411
5949
6739
1768
2023
2100
2341
2816
3583
3887
4559
4589
4806
5181
5392
5991
6054
6498
6540
6831
7103
7280
7831
7904
7908
8170
3656
5229
5641
6497
7474
2938
3555
4248
6099
2761
4677
4897
6450
2541
3300
3749
4264
5220
6022
6270
7268
8311
2546
5288
3633
6451
6531
6695
7453
7680
5003
6055
8189
6517
4515
6148
7127
2895
3088
6217
7659
2801
3417
4637
4703
4745
5648
5737
6325
6346
6465
6589
7847
8185
2220
3532
4339
5468
5964
6252
6532
8556
3723
4494
5413
5518
8254
7114
2833
3996
4445
5494
5745
2325
3385
7911
7373
753
4696
6545
6848
1225
1470
1773
3305
3880
4197
4275
4286
4820
5195
6552
8111
212
1898
4132
4460
5024
5415
5883
7046
7257
7794
372
397
865
1008
1777
1778
1977
2095
2403
3148
3522
3689
4466
4780
4885
4911
4916
5154
5306
5531
5542
5792
6173
6175
6195
6324
6330
6697
6826
7157
7292
7450
7456
7963
8162
8572
1827
4857
8512
8458
1072
1141
1732
1813
2267
2383
2466
2507
2596
2795
3783
3910
3965
4042
4241
4242
4421
4435
4474
4481
4532
4539
4565
4742
4846
4877
5173
5431
5496
5562
5588
5780
6068
6194
6438
6441
6582
6691
6823
6852
6908
6976
7018
7101
7166
7239
7399
7585
7598
7643
7654
7682
7755
8190
8477
8506
1286
3050
3097
3566
4370
4689
5475
6244
6682
7380
7753
7910
5687
3885
6828
177
205
2620
3738
6436
7090
786
5416
5436
7669
3342
3916
4711
5516
6272
6354
6557
7387
7502
7736
8224
8360
4146
6547
2843
3113
4686
6504
7041
5030
7495
1435
2412
2812
3025
3761
3904
4769
4905
5649
6686
6889
6904
7505
7732
1780
4964
2153
2540
4983
2957
4038
6758
7327
3508
7657
8322
8490
3423
4511
6663
893
2583
2617
4969
2748
2845
3072
3675
5733
7844
5467
289
1268
2046
3206
5612
6165
7867
8559
6287
6699
2206
7921
2945
4972
5015
4323
4671
4794
6566
1488
2724
4544
5351
5678
6041
7891
5114
3230
3973
4527
5495
4882
5464
5511
7404
4360
4379
5257
6038
6534
8638
3459
380
1148
1262
2435
3350
3472
3771
4015
4139
4152
4947
5321
5457
5729
6653
6947
7089
6800
8205
4028
6097
6329
7304
5587
6679
7441
6003
8307
5371
7324
8243
1705
3070
3971
1479
3935
1189
3245
6425
8417
2426
8153
6359
4581
6238
5974
247
1159
1205
1392
1404
1521
1564
1941
2450
2799
2802
2805
3178
3345
3574
4173
4217
4235
4322
4442
4618
4655
4675
4728
4975
4980
4994
5060
5116
5126
5215
5254
5259
5300
5447
5487
5536
5661
5679
5756
5769
5795
5823
5866
5873
5894
5898
5999
6010
6122
6137
6142
6216
6221
6280
6378
6556
6561
6584
6617
6710
6962
7030
7064
7236
7307
7325
7438
7466
7480
7489
7513
7581
7609
7636
7638
7734
7779
7791
7792
7834
7860
7872
7929
7986
7995
8126
8195
8223
8245
8262
8269
8278
8325
8406
8435
8442
8472
8516
8519
8584
8710
8747
8755
8773
8776
8824
8839
8855
8864
8888
8926
8939
8721
1166
1499
2048
2140
2211
2237
2274
2326
2328
2415
2558
2653
2844
2850
2997
3006
3051
3054
3068
3191
3203
3286
3371
3446
3486
3511
3591
3655
3713
3726
3753
3787
3818
3843
3869
3872
3953
4001
4049
4086
4098
4115
4167
4292
4351
4386
4391
4467
4537
4542
4623
4635
4650
4699
4752
4755
4835
4866
4893
4976
5019
5047
5061
5128
5309
5448
5466
5478
5574
5757
5770
5776
5839
5854
5884
5892
5915
6047
6123
6147
6269
6320
6334
6356
6357
6486
6488
6508
6558
6608
6641
6668
6684
6709
6744
6745
6752
6759
6762
6764
6794
6811
6813
6825
6864
6872
6901
6955
6990
7011
7048
7055
7074
7100
7125
7128
7134
7153
7158
7161
7231
7242
7248
7310
7331
7390
7432
7433
7439
7476
7486
7487
7531
7541
7572
7586
7607
7623
7662
7739
7749
7751
7752
7776
7800
7826
7845
7874
7887
7893
7915
7935
7944
7958
7960
7981
8012
8054
8056
8059
8088
8114
8120
8130
8140
8156
8181
8186
8191
8197
8198
8204
8212
8216
8234
8239
8257
8260
8301
8304
8331
8344
8353
8371
8401
8413
8439
8455
8460
8468
8474
8492
8505
8514
8547
8623
8625
8628
8640
8644
8657
8663
8696
8702
8703
8735
8736
8741
8751
8753
8778
8799
8803
8812
8820
8823
8828
8842
8854
8861
8877
8890
8896
8908
8921
8954
8958
8959
7815
8002
6
2245
2491
2525
3029
5131
5303
6129
7839
8394
8459
8526
8766
8928
8549
3959
6281
6649
6733
6781
7035
7309
7590
4410
6983
2414
4867
5012
5763
6299
6943
7221
7782
7788
7876
8289
8299
8534
8791
50
730
1902
2016
2439
2539
3821
4313
4674
4900
4971
4977
5172
5187
5244
5382
5399
6170
6246
6337
6681
6898
6989
7147
7270
7345
7445
7556
7803
8135
8183
8256
8297
8329
8475
8487
8493
8543
8561
8612
8830
8856
102
201
934
1347
1486
1649
1751
1823
1853
2125
2178
2179
2191
2196
2598
2624
2749
2779
2823
3096
3185
3328
3398
3427
3467
3469
3490
3524
3576
3582
3589
3623
3743
3802
3855
3969
4007
4035
4126
4185
4215
4239
4355
4368
4397
4398
4440
4455
4548
4551
4652
4670
4693
4793
4847
4875
4891
4910
4968
5057
5065
5099
5160
5203
5381
5410
5423
5454
5491
5595
5616
5659
5693
5730
5739
5774
5794
5807
5809
5879
5920
5975
5994
6049
6119
6124
6162
6241
6255
6276
6291
6307
6363
6382
6415
6519
6520
6530
6541
6579
6583
6606
6632
6648
6658
6660
6688
6723
6732
6793
6830
6835
6866
6873
6891
6900
6936
6960
6970
7001
7028
7033
7063
7106
7110
7126
7136
7137
7155
7156
7160
7162
7172
7173
7215
7235
7247
7263
7295
7308
7313
7353
7394
7415
7421
7424
7430
7479
7482
7545
7554
7562
7593
7599
7602
7626
7658
7670
7678
7683
7684
7754
7768
7807
7814
7824
7828
7909
7914
7961
7967
7973
7978
7993
8022
8030
8038
8052
8064
8071
8077
8084
8092
8099
8117
8121
8157
8160
8173
8180
8207
8209
8221
8222
8225
8248
8250
8275
8279
8316
8321
8328
8330
8341
8358
8363
8368
8370
8373
8392
8424
8433
8448
8461
8464
8467
8470
8495
8520
8551
8595
8601
8606
8615
8643
8664
8694
8700
8727
8742
8750
8756
8796
8806
8807
8827
8853
8875
8894
8899
8910
8953
5682
4992
7243
7708
3389
4105
4411
4415
5608
6013
6282
7302
7374
7509
7646
7852
7988
8036
8517
8540
8348
8722
7695
1640
3774
4311
4626
4636
4923
5231
5387
5472
5847
6212
6227
6599
6610
6674
7163
7471
7551
7721
7771
7842
8057
8110
8366
8437
8717
8725
8749
8765
8815
8968
827
846
1438
1875
2445
3565
3828
3877
4011
4757
5246
5411
5646
5784
6070
6250
6279
6285
6474
7108
7316
7666
7770
7975
7982
8031
8174
8241
8285
8317
8364
8415
8421
8748
200
3430
4255
4525
4631
4895
5106
5183
5747
5911
6116
6139
6499
6577
6578
6687
6885
6999
7025
7083
7333
7686
7820
8236
8320
8453
8513
8889
8956
1010
3123
4663
6527
7761
8014
8176
8271
8732
8973
4712
5980
6373
6834
608
928
1118
1218
1394
1407
1551
2631
2643
2837
2880
3167
3867
3868
3932
4056
4156
4216
4564
4750
4907
5004
5009
5025
5109
5130
5287
5304
5315
5552
5598
5668
5692
5828
5935
5955
5977
5987
5988
6036
6042
6120
6135
6187
6232
6274
6297
6319
6333
6398
6423
6427
6430
6464
6536
6664
6673
6692
6804
6842
6844
6892
6916
6945
6946
6994
7000
7050
7138
7167
7171
7180
7286
7305
7317
7338
7347
7351
7386
7396
7416
7440
7475
7515
7539
7653
7690
7693
7740
7767
7806
7822
7832
7840
7853
7854
7862
7864
7878
7881
7897
7899
7951
8001
8019
8046
8047
8089
8100
8169
8227
8252
8253
8255
8283
8292
8318
8340
8377
8383
8419
8436
8496
8554
8574
8589
8618
8631
8645
8651
8652
8718
8734
8744
8772
8780
8793
8811
8816
8836
8845
8886
8887
8900
8914
8919
8925
8932
8950
8952
8964
8972
5192
8613
6880
2602
3210
3621
3677
4287
4349
5452
5871
6294
6380
6979
7038
7245
7391
7681
7713
8137
8166
8261
8403
8880
8941
1113
1557
2646
2985
3039
6127
7002
7021
7093
7102
7300
7356
7488
7620
7868
8473
8626
436
2410
2767
4356
5396
5850
6016
6405
7321
7698
7702
7805
8291
8365
8583
148
384
531
581
628
867
1045
1137
1269
1544
2045
2063
2287
2304
2407
2447
2457
2575
2682
2933
2987
3065
3114
3165
3217
3229
3242
3267
3332
3412
3491
3577
3696
3762
3791
3846
3865
3882
3889
3892
3897
3923
3954
3972
4032
4039
4092
4131
4148
4209
4210
4226
4240
4247
4282
4343
4438
4463
4473
4597
4761
4772
4789
4858
4930
4997
5031
5046
5056
5062
5077
5091
5111
5113
5129
5132
5146
5168
5227
5243
5260
5319
5347
5366
5406
5418
5428
5465
5473
5477
5529
5533
5565
5578
5583
5586
5613
5634
5673
5710
5715
5771
5783
5803
5833
5846
5848
5886
5902
5925
5943
5944
5979
5983
6001
6033
6040
6045
6100
6128
6144
6153
6171
6178
6190
6226
6256
6260
6316
6318
6344
6358
6376
6409
6412
6420
6424
6461
6490
6525
6571
6595
6600
6605
6621
6647
6750
6756
6769
6775
6787
6790
6802
6803
6837
6840
6841
6851
6881
6902
6903
6905
6949
6959
6964
6965
6967
6972
7004
7007
7009
7012
7036
7044
7085
7105
7119
7131
7188
7211
7250
7273
7283
7291
7341
7346
7348
7360
7364
7371
7376
7418
7419
7422
7426
7457
7458
7490
7496
7511
7529
7530
7567
7579
7588
7589
7605
7606
7630
7632
7640
7642
7655
7679
7694
7703
7704
7757
7758
7763
7786
7804
7812
7823
7825
7851
7880
7905
7927
7949
7964
7968
7980
7984
7996
7998
8007
8021
8024
8032
8033
8044
8053
8062
8103
8104
8112
8136
8141
8164
8240
8244
8246
8249
8287
8314
8319
8327
8362
8367
8381
8386
8416
8445
8446
8447
8450
8484
8508
8522
8523
8539
8567
8570
8571
8581
8592
8603
8614
8620
8621
8656
8659
8660
8667
8685
8690
8767
8768
8775
8785
8817
8822
8832
8844
8885
8892
8893
8907
8924
8970
760
2360
3066
3478
4085
4171
4265
4334
4482
4722
4744
4995
5016
5295
5397
5481
5534
5630
5666
5695
5840
5901
5938
6462
6505
6528
6569
6655
6754
6836
7045
7104
7400
7493
7537
7728
7774
7913
7971
8050
8051
8096
8151
8155
8179
8266
8397
8482
8529
8541
8582
8611
8647
8691
8754
8786
8840
2506
6471
6974
8646
4756
4838
5261
5838
6715
7629
7833
103
1362
1979
2352
3019
4834
5042
5067
5364
5956
6130
6597
6665
7194
7368
7447
7553
7787
8139
8144
8270
8532
8860
8866
5422
1857
2864
2927
3117
3485
5222
5624
5689
5950
6035
6199
6878
6937
7189
7895
8016
8527
5027
6923
48
423
1755
2127
3545
3688
4434
4488
5236
6303
6426
6485
6644
6729
7129
7190
7451
7877
8619
8684
8695
2906
5636
7431
1120
3796
8374
1215
1754
3133
3292
5567
6009
6293
7725
8146
8576
8665
8920
5743
6845
7504
7647
1518
3790
5663
5927
6015
6548
6591
6798
6912
7205
7542
7596
7633
7676
7793
7830
7917
8023
8154
8382
8440
8507
8706
8858
8917
8963
3482
4382
8213
8302
8676
1937
3221
4147
4258
4880
6493
6619
6717
6956
7727
7976
8357
8716
8781
2566
7742
8233
8575
3171
3712
4123
4465
4714
4814
5223
5459
5535
5768
6029
6072
6214
6229
6247
6267
6385
6533
6592
6919
7065
7260
7296
7405
7436
7733
7940
8177
8338
8350
8916
8943
4237
6951
8795
3087
4741
5232
5881
7311
7856
8604
2471
3816
4566
5253
5607
6218
6360
6772
6899
7507
7523
7711
7720
7741
7926
8009
8018
8041
8247
8387
8400
8426
8429
8503
8597
6090
7858
8740
4350
5845
7627
8333
8349
8427
8705
8770
6446
6779
7777
7997
516
2720
2736
2740
3264
3714
3727
3875
3890
4471
4575
4833
5033
5076
5945
6277
6646
6698
6819
6913
7192
7467
7882
8003
8090
8404
8471
8480
8848
8965
3861
5255
5773
7508
1319
3573
4970
5543
6271
6862
7149
7278
7455
7592
7677
7729
7925
8091
8309
8332
8683
8739
8746
8779
8882
7375
7547
8337
2775
4369
6342
7099
8668
87
4277
5198
5328
5978
6735
8553
8616
8936
1935
3160
3489
3947
4249
5032
5034
5302
5388
5805
5872
6012
6061
6131
6341
6593
6624
6667
6766
6906
6918
7073
7174
7191
7343
7372
7423
7700
7943
8017
8080
8167
8326
8346
8375
8423
8630
8714
8826
2829
2899
3111
4852
5972
6453
6877
7570
8219
8396
8530
8771
3216
3225
4774
6939
7165
7939
8258
8355
8624
8857
6057
2483
3354
6039
6975
7051
7178
8129
8945
8666
6921
1954
2738
3022
6011
6565
8361
8586
2132
4612
6146
6167
6782
7463
8425
8462
8712
8862
657
4754
5206
5557
7953
1971
3227
3781
4096
4941
5591
5639
6080
6259
6411
6467
6675
6934
7226
7264
7303
7789
8010
8060
8067
8087
8161
8441
8494
8737
8913
2951
4933
5798
5934
6063
6174
6721
6829
6893
7328
8308
8398
8851
264
481
736
913
1203
1207
1519
1859
1925
2091
3102
3212
3302
3440
3766
3832
3974
4297
4447
4506
4518
4610
4630
4640
4708
4719
4927
4961
5308
5549
5580
5617
5655
5865
5917
5982
6017
6043
6193
6302
6312
6381
6391
6432
6491
6496
6506
6537
6549
6630
6671
6712
6814
6822
6846
6988
7072
7081
7113
7133
7144
7198
7199
7206
7420
7461
7469
7522
7543
7546
7561
7563
7571
7578
7594
7613
7656
7664
7687
7829
7849
7883
7889
7890
7902
7923
8015
8020
8043
8069
8094
8128
8148
8150
8158
8165
8184
8208
8272
8276
8281
8282
8293
8312
8324
8376
8380
8393
8454
8500
8501
8544
8569
8635
8641
8794
8798
8813
8904
8951
3854
6166
7637
8788
5350
5555
5664
5735
6150
6616
2327
3635
5098
5914
5976
6656
7223
8029
8034
8509
8937
183
1003
1258
1863
2054
2059
2149
2260
2370
2419
2758
3075
3448
3570
3615
3619
3648
3788
3808
3901
3905
4099
4110
4142
4179
4232
4299
4341
4487
4514
4682
4701
4786
4808
4862
4874
5058
5063
5307
5389
5446
5479
5504
5665
5681
5698
5704
5749
5779
5804
5827
5859
5913
5941
6046
6134
6161
6168
6186
6219
6220
6310
6343
6367
6406
6429
6460
6588
6602
6700
6705
6741
6753
6806
6817
6920
6925
6926
6984
6992
7023
7026
7040
7098
7111
7135
7143
7170
7193
7246
7256
7335
7397
7429
7483
7506
7532
7557
7574
7601
7631
7665
7718
7799
7809
7811
7818
7837
7841
7900
7931
7932
7937
7979
7999
8066
8086
8122
8163
8215
8267
8295
8305
8347
8389
8412
8422
8449
8488
8510
8521
8566
8594
8629
8658
8661
8687
8689
8707
8761
8821
8881
8895
8906
8911
8930
8948
8955
2242
3316
3586
4603
4839
4963
5142
5507
5579
5713
5750
5788
5946
5951
6107
6292
6731
6773
6855
6875
6932
7013
7049
7052
7132
7152
7218
7407
7428
7494
7614
7674
7689
7756
7760
7817
7827
7846
7848
7994
8106
8145
8193
8452
8600
8637
8802
8871
8927
4815
6991
7724
5469
5912
7314
7383
7414
8701
8869
6535
7124
7784
8847
1650
1953
2218
2979
3093
4034
4347
4464
4725
5100
5385
5508
5541
5556
5796
6085
6125
6258
6636
6702
7448
7857
7983
8073
8277
8352
8632
8653
8790
8915
1693
4477
8026
1188
2221
2608
3470
4707
4870
5932
7005
7863
8035
8061
8113
8673
8923
2510
4388
5647
6477
7032
7066
7866
7952
8356
8810
3176
4588
4832
4989
7140
7885
8008
8217
8648
8713
4662
5860
5996
7164
7179
447
548
611
761
1173
1559
1738
1802
1973
2168
2615
2713
2815
2830
2952
3018
3166
3497
3779
3931
4069
4073
4122
4183
4325
4361
4513
4522
4543
4599
4608
4791
4796
5020
5159
5169
5186
5365
5444
5596
5597
5629
5640
5669
5714
5716
5878
5993
6323
6365
6384
6445
6452
6546
6824
6870
6993
7014
7086
7088
7145
7151
7186
7219
7249
7252
7282
7326
7337
7349
7361
7362
7526
7648
7699
7716
7722
7731
7765
7783
7888
7965
8078
8159
8187
8203
8284
8334
8399
8411
8451
8483
8489
8533
8565
8579
8587
8593
8634
8662
8709
8711
8745
8764
8865
8867
8870
8902
8912
8933
8969
8971
3404
3528
3661
4202
4934
5285
5559
6200
6897
6986
7510
7797
8005
8264
8265
8884
179
5184
6483
7359
8686
2536
3597
6521
8672
942
2865
6121
8605
8797
8874
6233
697
8235
8379
8763
927
1238
2455
3406
3888
4153
4688
4841
5348
6203
6377
6612
6623
7019
8065
8097
8564
8697
8819
2854
4837
5055
8418
8949
1483
2246
8323
8726
209
1175
3782
6371
6472
8560
8677
8947
1332
3334
4591
8804
8957
1893
4937
5821
6868
7118
7464
7520
8294
8432
8598
8642
5175
5814
982
1927
3224
4371
4679
4863
5298
5455
5786
5874
5984
6096
6164
6300
7213
7449
7591
8230
8504
8546
8723
8903
8931
3318
3984
4008
6724
6887
6981
7616
8682
8699
2157
4645
3021
6651
6784
7159
7382
7712
7920
8238
8782
5581
7276
7933
8201
8607
1489
8537
8872
1965
3043
3961
7957
2364
4412
5637
7274
7560
4190
4690
5573
5870
6502
7525
7618
8143
8670
8724
8833
5963
6268
6596
7228
8288
8456
4901
6138
6884
7204
8486
8883
5969
2875
5064
8390
854
954
1867
5476
6076
7336
7472
7552
8787
2401
6788
2930
3876
1350
1491
2027
3473
4602
5050
5074
5907
6149
7587
7621
8481
1084
5738
6317
8127
8242
8843
2384
8405
7652
3605
4721
5632
7549
7836
4134
8769
7358
8573
6374
8409
8650
350
560
779
876
1485
1608
1632
1801
1850
2092
2299
2431
2500
2710
2773
2966
3037
3142
3533
3681
3804
3911
3987
3997
4002
4019
4036
4091
4228
4244
4316
4458
4500
4516
4574
4616
4647
4827
4850
5080
5085
5104
5197
5314
5330
5384
5393
5398
5414
5450
5482
5528
5653
5683
5686
5709
5732
5761
5929
5998
6053
6092
6112
6222
6313
6332
6397
6444
6448
6466
6475
6480
6500
6503
6507
6513
6522
6563
6574
6618
6661
6680
6683
6795
6796
6810
6815
6879
6888
6942
6944
6958
6996
7054
7077
7096
7109
7120
7176
7207
7209
7251
7271
7350
7354
7379
7395
7401
7406
7427
7452
7484
7498
7503
7564
7575
7583
7603
7604
7743
7746
7747
7762
7773
7855
7898
7962
7969
7977
7992
8072
8074
8082
8108
8172
8200
8218
8220
8229
8231
8232
8298
8313
8336
8339
8410
8420
8430
8443
8479
8485
8535
8545
8558
8563
8599
8602
8608
8639
8731
8733
8774
8789
8792
8829
8841
8846
8850
8859
8878
8898
8901
8929
8940
8961
8962
8966
7719
3226
4383
4704
5546
6117
6379
6706
7645
7650
7709
8384
8414
3395
3587
5947
6062
6296
8263
6087
8138
6437
8068
8944
891
1493
2609
3374
3436
3668
4462
4533
4788
4868
4886
5199
5470
5644
5657
5690
5731
5736
5868
5903
5997
6050
6152
6158
6191
6223
6275
6435
6476
6614
6768
6865
7071
7154
7196
7203
7212
7225
7237
7417
7697
7717
7738
7843
7869
7938
7946
7950
7954
8011
8199
8214
8408
8428
8542
8627
8669
8729
8838
8849
5662
6487
8591
6716
7301
7730
8610
8876
3683
4169
4270
7865
7991
6598
7323
7293
7412
1195
4604
5135
5492
6542
7990
4743
7275
2320
2764
2912
2974
3049
3324
3379
4031
4584
5566
5577
5762
5778
5890
5936
6369
6492
6495
6933
7232
7290
7330
7357
7365
7446
7478
7748
7766
7928
8040
8125
8345
8679
8834
8852
7224
7934
2588
3938
5373
5377
5589
5760
6182
7053
7279
7675
8119
2474
5851
5856
6345
7685
8863
1177
6108
6713
8431
5368
5672
6774
7253
8550
2559
6570
6973
1571
8395
439
4620
2388
5258
7454
8758
6290
4141
6189
1599
1723
1909
3509
4426
4456
4966
4979
6008
6225
6622
6650
6838
6910
7146
7208
7798
7875
7879
7974
8577
8704
8762
8935
7398
629
1067
2499
2708
3017
3027
3416
3695
4061
4283
4468
4485
4486
4955
5005
5252
5292
5486
5568
5615
5685
6031
6083
6101
6266
6414
6418
6818
6858
6927
7075
7200
7500
7527
7548
7661
7707
8095
8192
8388
8434
8692
8905
8934
2490
6748
7514
8006
1249
5296
5895
7031
7227
8752
4385
5973
6594
7121
7272
7892
8891
6000
979
4892
6389
6544
8107
8286
8671
939
1987
5357
5797
6971
8654
8715
7692
558
5068
7540
2321
6454
7610
8335
5018
7492
7780
5651
5503
3906
6849
7069
8757
8759
3732
5741
7970
8438
2332
2443
3085
4010
4155
4276
5456
5484
5547
5748
6243
6478
6957
8055
8206
8259
8354
8444
8548
4052
5439
7813
7956
3647
5316
3475
4578
7080
8402
8946
6666
6434
8837
7987
8708
8678
7781
2303
7959
2488
8280
8967
6115
7254
7269
7569
8463
8588
8938
1569
6403
4582
6401
6404
6854
7651
5320
6208
6645
6924
7087
7462
7565
8042
8378
8528
8784
8306
7701
8868
8879
2002
4328
4765
7886
8536
8580
5352
7003
2271
3444
7873
8457
4918
5233
7922
4676
7385
7524
4925
4940
6231
6413
8109
2247
2475
2884
3060
3531
3900
5402
5600
5793
6245
6633
6853
6985
7367
7468
7600
7673
7737
7801
7861
8027
8124
8719
8777
8805
8808
8818
5248
8590
3980
5190
6987
8342
8515
8800
8809
2172
2586
5889
6922
7918
7919
8617
5272
3735
3837
6132
6298
6449
6874
7234
7289
7821
8497
8538
8596
8831
8897
8942
7481
7611
7644
3124
3718
4201
4570
7217
7244
7409
7945
8315
8476
8557
8698
2108
8518
7612
8825
5266
8675
7667
8147
8578
8730
6730
7056
1360
4596
5897
8391
6051
6977
7169
7238
6808
5158
6963
1994
6639
7948
8918
3556
4619
7764
5138
7344
8524
4879
5210
7597
7084
2342
5621
6394
6163
6869
6805
8268
8960
2841
4018
4365
4844
5014
5526
8028
8655
8693
6703
8622
8801
8680
3679
6929
8168
8211
7434
7710
8131
8478
8922
4218
6763
7287
7315
8738
8835
3030
6235
8636
6780
5493
5800
4758
