98
191
49
244
28
181
146
384
39
406
339
189
164
322
237
388
203
259
369
53
290
493
372
466
206
86
167
302
408
270
241
13
349
214
312
416
213
254
14
89
363
78
193
84
133
26
284
331
289
362
269
64
126
415
447
306
249
316
25
335
60
9
319
129
113
373
442
419
44
169
208
428
119
401
207
271
216
377
43
399
74
238
247
268
285
487
235
364
503
380
526
1
469
533
265
124
439
365
231
293
353
185
492
149
59
414
432
279
403
351
229
246
310
405
430
570
516
79
158
250
307
71
228
93
123
387
311
99
234
352
211
382
224
248
424
201
520
420
174
318
251
132
225
304
390
296
314
140
205
116
396
267
336
287
383
5
513
367
20
308
192
366
321
200
272
135
29
263
441
227
534
418
417
485
486
197
7
410
346
72
404
355
473
179
264
385
455
354
202
212
431
190
273
85
522
176
514
394
294
361
134
400
444
333
127
402
332
345
386
281
341
434
505
242
261
478
398
253
204
252
427
356
138
343
450
219
153
452
313
221
141
381
499
507
323
77
480
538
537
559
536
535
328
409
549
393
173
262
509
506
338
589
490
330
334
150
528
421
327
280
157
461
451
359
357
481
300
497
161
278
463
422
320
151
413
232
295
18
594
460
233
464
448
88
429
309
530
578
573
412
562
511
474
391
136
563
395
483
411
457
260
554
440
90
358
545
301
468
454
195
564
125
298
423
571
166
276
397
591
292
504
453
471
532
438
472
540
175
580
163
576
567
479
500
541
465
599
315
297
515
426
561
111
378
517
368
154
435
344
184
188
223
529
3
374
449
337
392
572
547
568
596
518
305
209
67
