1129
1023
1755
1859
323
355
574
862
307
786
995
1153
1791
89
1322
106
707
1306
1406
693
1470
685
1547
1677
2003
276
895
219
1462
1760
1886
838
1043
1779
1699
551
1060
1668
1819
98
929
511
1150
1689
933
1206
1483
369
1744
1718
654
1094
637
1035
1853
72
1186
387
1551
739
760
1412
2263
434
720
88
496
1624
1840
930
11
688
1861
866
2054
896
476
659
610
628
1235
1258
954
819
705
779
968
2112
2110
340
579
780
1178
1871
2014
23
2354
9
876
751
990
143
2122
1569
465
132
1611
756
1074
728
268
737
2063
848
2076
825
1107
1385
181
1579
458
1370
391
2018
217
80
1508
2441
177
634
238
1257
560
791
1644
491
311
1623
1217
650
1040
415
1720
1537
1020
711
1291
1455
1799
213
1378
1448
1033
290
488
1053
246
2276
558
1572
1613
212
472
1518
1413
625
1281
377
1302
1761
914
678
1835
660
689
1237
292
822
388
1084
206
960
10
591
1027
902
615
1658
1373
932
1087
364
1631
956
732
1312
39
43
149
413
714
175
1417
719
542
1489
1277
440
35
656
627
1038
875
197
587
622
647
1649
1639
112
140
1016
1132
1932
1031
1454
1880
313
952
173
988
2048
1036
226
1050
500
1381
721
489
1809
613
1690
513
619
2030
1051
680
1691
734
1068
594
569
510
1190
813
2070
248
1025
484
1407
1515
1194
449
2050
211
1346
1526
251
2369
151
861
803
1269
2046
1285
295
839
757
1073
1630
1083
1815
798
1342
1604
955
2017
857
874
1710
1851
2066
2517
2173
1898
1331
1380
1685
556
1426
633
1359
167
227
1902
1896
1962
818
36
230
1498
1831
2023
2164
393
1143
83
1177
1317
1474
1786
940
1026
853
2120
288
1117
1863
2350
1509
1663
1435
2219
1429
949
1700
767
986
1122
1881
1616
963
695
363
802
1605
269
1211
75
1737
485
447
1891
1832
1139
1477
1834
3
907
1916
883
1584
1536
403
1388
1907
655
667
701
1041
699
1287
787
47
863
1577
279
1242
920
1176
2410
1283
1686
2035
1552
2264
260
2126
1894
692
1638
1104
1108
1952
281
1926
2277
804
1362
603
992
1595
1554
424
287
1713
118
247
55
1244
394
2167
1524
2444
104
1046
418
1098
539
910
2119
609
1622
1128
1845
911
731
1367
742
1575
1303
879
450
1563
182
2039
1771
1978
209
2150
1236
253
1338
1680
1141
1062
1324
19
1727
2010
1347
1223
750
537
1803
1363
144
1643
1011
59
1259
2259
2043
1213
2238
1352
2579
1018
538
621
919
1852
2449
2077
46
480
706
979
1341
543
451
1354
852
2289
1309
1634
236
1348
2323
503
1161
1789
275
1072
2305
1927
1144
1497
778
890
1944
1276
782
754
1816
25
1392
2140
2197
1401
946
2256
20
1504
2080
2221
2297
2299
1792
1519
1736
2058
1047
1123
1782
2331
1836
336
1964
639
356
1101
1298
1063
1975
1578
2177
2085
973
1777
326
726
1507
2114
608
1282
1430
422
1825
600
1314
1773
2271
1775
1729
2069
1081
1085
1858
2556
2471
117
1903
71
1870
2156
1496
1753
493
1387
1678
1432
1817
210
414
747
2107
948
2307
938
959
1731
367
1750
1913
1449
1826
1355
1531
1756
1414
1460
1179
748
286
121
1365
1130
1724
905
2630
793
1115
1890
1511
2045
26
1745
1280
1157
1476
1102
2466
675
684
266
1770
457
1446
2231
1967
2091
1566
1100
1641
936
1765
844
1674
571
2283
263
759
1648
1856
2484
1929
1893
1942
836
1570
1781
2201
1279
1723
8
196
1788
1758
1855
1000
1343
2329
2291
1521
2478
2544
1785
1560
1948
668
1606
671
1231
1980
90
1409
380
614
2554
636
700
58
1714
1374
1458
928
1711
1339
389
2600
842
1480
1774
696
274
577
2382
1086
1106
1719
1860
319
941
753
847
1192
1580
1447
1938
2483
498
1947
1548
1294
1553
114
270
1884
1568
124
1425
1805
651
1289
277
2086
1843
612
445
96
1506
1937
541
1555
1567
662
1709
1534
1234
1386
172
382
1173
1669
524
1946
1246
1456
743
2116
922
676
2411
1171
1666
1268
2371
878
1772
2418
234
2200
1233
468
2143
1335
2024
1514
1824
1535
1501
401
824
1748
1371
1776
1857
2745
1323
1315
379
1482
2001
939
2052
1892
533
2239
455
7
690
1829
2368
2174
2040
2284
1999
392
1383
580
1876
2183
1620
1337
1615
1487
2216
1197
1821
2235
1057
1533
2021
1160
1726
901
1433
1550
2828
1793
1427
2603
1205
2062
926
1657
2172
2440
1546
1121
781
1633
2083
2089
993
1239
1875
1472
469
2487
1887
2205
1651
618
784
2481
371
586
359
2298
1408
2703
2224
1703
540
837
2763
2293
444
1746
2041
1265
2422
44
1485
1201
51
1841
2258
477
1267
2158
789
2313
1602
2009
989
729
2356
1966
785
1621
1983
1416
1512
1042
1961
2253
2743
2336
2432
205
497
2566
1656
2061
1940
643
1523
1333
1676
2547
1562
1895
2421
1240
1707
1682
2136
944
1941
1653
2679
2439
2465
1614
56
2498
2506
850
2524
1024
1187
214
1626
1358
2282
2022
2181
2558
1915
2494
1391
2858
858
57
1219
2653
1564
1675
635
1249
2196
2015
2028
1481
1854
385
1619
1939
1530
2251
716
2113
2638
649
2101
2540
1350
2528
1241
1818
1587
2463
1054
1671
2688
2067
1015
185
2400
1436
2488
2202
2399
2168
1965
2236
2398
1589
1637
2657
2182
1610
1292
127
1914
2326
1424
1437
1582
1478
2417
366
1586
1402
2185
1920
135
1486
1356
1232
2249
2377
1214
1183
362
1229
156
1114
2510
1571
34
1099
2791
1846
2161
2545
1377
1538
2260
1820
2204
2711
2708
335
1198
1222
2128
2695
1517
2485
2234
2378
2474
1438
2381
913
1694
2535
2175
2144
2563
792
1655
1981
921
2178
2476
1439
2451
1838
1909
2315
1182
2194
2157
2525
2192
2148
2569
581
1667
1290
160
2562
1245
1452
1901
1441
1905
193
1273
2431
2480
32
1127
2468
1247
1008
1877
2509
2370
1559
2787
1936
1440
2073
2281
1813
2851
672
1007
909
2138
1049
2413
1390
2626
661
2243
2072
2738
918
2334
2583
1545
2288
1698
2539
1839
2037
1672
1321
1802
3027
903
2677
855
1180
2497
2742
2500
2149
1971
1957
1617
727
1166
405
2166
1065
1110
2343
2869
1717
535
289
1640
1796
1945
2812
77
2779
1301
978
1759
942
1174
1647
2206
2460
2729
1145
2640
1066
2489
1471
1991
2147
1935
2611
2074
749
2319
2527
1635
891
1830
1532
665
1403
2087
2212
1199
1226
2059
2081
1607
1953
1340
2244
1541
1544
1664
2345
1310
2210
1361
2006
1766
2433
674
396
1943
648
790
1064
1593
1253
2850
514
1345
2079
2208
2330
2246
712
2092
1395
1739
2145
985
765
2049
1151
1670
202
1990
1652
1706
2267
2294
109
1645
2407
1212
2132
1032
1379
2090
1804
1955
2133
931
1557
2768
657
1600
1778
2159
2596
2286
2203
1088
2533
589
2551
2824
2445
1783
2761
1075
563
2199
1093
2830
2748
2473
1970
3014
2065
2477
1297
2788
1692
347
1224
1375
1751
2184
1169
1928
1255
2057
3167
2461
2020
1850
1210
1715
2692
2295
1398
87
1469
2602
2162
2273
2064
2428
2458
2683
1467
2501
2617
1784
1923
2088
1763
702
1988
776
975
2582
1274
2171
2437
2616
2186
2152
2394
2944
2169
2681
2614
2332
2279
1879
2189
2515
2032
2338
1457
2341
1400
254
1003
2550
2002
1304
504
2124
2780
1119
1738
2333
1828
2403
1794
2770
561
2075
766
2401
1503
1790
2012
507
2557
565
1529
2689
2667
736
2308
125
1741
2784
1697
111
2275
2623
1418
2031
2492
152
2123
2518
2443
1951
994
1811
1158
1230
2160
916
2109
3004
150
810
2312
974
1022
1278
1646
590
1574
2324
1743
2218
816
1725
2367
1749
523
2099
54
840
1598
957
1590
2328
2590
2981
467
958
2514
2127
2265
843
2027
2881
2452
976
1904
1924
2375
1628
2376
984
666
2715
1465
2521
1528
1196
1800
2408
2905
2409
1155
2139
1311
1603
1445
1864
871
2038
1009
1922
1930
2844
1156
2180
2278
2353
1327
1827
1708
2068
718
1762
1556
1002
2188
1284
2217
953
2785
2322
2546
2718
1976
1814
881
664
2915
2799
85
2684
1147
64
738
95
2248
2442
1956
2493
2016
425
1037
1096
2078
1581
1609
2565
2287
2549
2783
2541
1730
2036
744
1396
869
1874
1780
2664
2662
2105
2207
2373
915
1769
2606
2385
1702
2344
2044
642
1082
1987
1542
432
2111
2543
2782
464
1070
2130
2903
2240
1627
2728
2165
1757
499
3044
967
2274
573
962
1742
2854
2505
2641
1688
1733
2766
2672
1933
2479
1642
2486
2268
2868
2141
2472
686
2191
2241
2800
1428
2876
2025
2000
1344
2827
2756
1444
2302
774
2725
1490
2230
2154
2383
2591
2118
261
3093
2807
2753
2438
3033
2595
3018
2195
1499
2434
2907
2928
2499
2719
1994
2573
2447
2053
2457
2388
1601
2646
1728
2778
2513
1883
2427
1520
2841
2106
3084
1693
2309
1263
2668
3030
1384
894
1885
2103
746
1397
1625
2774
2005
2155
2775
2384
2392
2402
2176
1949
2693
1847
2976
2347
1442
2632
2414
2790
2930
673
82
2366
2508
2588
2621
1272
1992
969
1654
1393
1411
1260
2420
2292
2342
1336
2749
2102
2135
2262
2391
2304
2491
2594
2712
1510
353
2227
2209
904
1767
2793
1934
2721
1868
2448
2237
2272
2592
2146
1873
1618
2935
2104
2731
2810
602
1175
1806
2362
2526
2710
3111
2620
351
337
520
1200
2214
2796
2880
2724
1660
2886
2529
2750
3024
2320
2571
1204
2797
2229
964
2071
2306
1795
3081
597
2337
2318
2747
2929
3101
1963
576
453
2697
2436
2645
2755
2733
2875
1055
2597
808
2865
2516
2757
632
3062
1243
1684
1540
3019
1484
2296
2255
2926
1722
1958
1823
1996
3035
2390
2647
2346
2978
762
1404
1181
2879
2680
267
1659
529
1165
1077
2404
555
2984
2735
315
548
141
2759
2945
103
2226
1368
2542
2419
1125
1596
2685
2225
2842
2650
2538
2578
2033
2406
1030
2412
1334
2599
3103
1091
1754
1906
547
2423
2213
2704
3047
2359
2605
3090
1812
102
2097
2553
2734
1044
1473
1986
2055
3031
2593
2966
723
1592
2618
1558
1822
972
2327
2651
1687
2095
2269
1296
3105
2108
2658
2939
2360
2837
2870
2898
1154
2532
1848
1468
2317
1422
2678
2706
1103
2671
2740
1925
2652
2726
3107
2922
1316
2575
2862
1450
2670
2950
2387
2786
2741
3037
2818
2739
2576
1908
582
1982
3002
2914
2358
2931
2459
262
2660
3166
2730
2934
2847
2968
2504
1599
2696
2901
2125
2464
2280
2290
2580
2520
2808
2564
1865
722
2424
2245
2889
2781
2257
1882
1300
1977
764
2941
2416
2732
2896
2897
2380
2537
3194
2910
3025
2637
2531
2758
2924
2357
3142
3096
1405
1993
2969
3089
1716
2548
3038
357
2659
3083
1288
2853
3080
2129
2776
2913
2026
2469
1225
2917
2339
2163
2247
2393
2892
3077
2773
2619
3074
2648
2762
2997
3087
2314
3040
1218
2587
2453
1594
2967
2430
2953
145
2990
1228
3021
3246
2530
3020
2450
2777
1833
2170
2923
2034
3058
2117
2047
2429
1889
2832
2389
2534
2871
1372
2864
2352
2829
2977
462
2348
2866
3052
1973
2722
2612
2093
1969
2405
2502
2937
2717
2397
2351
2372
2649
2909
1974
2856
1170
2004
1798
2849
2585
1293
1919
2446
2891
2963
2877
2610
3039
1394
2986
2456
3152
3206
2300
1549
2060
482
3061
3026
431
3185
1704
2604
1138
2686
1734
3001
2834
2836
3086
1931
2340
1997
2943
2675
833
2316
2972
532
2232
2702
3049
2806
1701
1665
588
965
3139
1661
2655
2843
3082
3045
3112
2989
864
1954
2270
3063
1900
2507
2973
2228
3029
2995
1842
2794
2198
2846
3069
1459
2957
2709
2959
2965
2804
3141
2831
3006
2699
2567
1862
1888
2635
1764
2462
1364
2577
1972
2349
2639
2625
2503
2008
1950
3125
2179
2714
2874
2601
2615
2835
2220
3203
2215
223
1209
3015
2363
2467
2970
1522
3005
2687
1998
2885
2975
2042
835
2960
2938
1576
1732
1516
2916
3085
3157
2365
2772
3091
2906
834
1318
2899
2007
3178
2142
2361
1215
2792
3134
3222
1357
3113
2151
2690
2673
3032
2822
2813
2608
2857
1921
3221
2303
2364
2848
1463
2974
3165
2682
2999
898
2798
2932
2925
983
1911
2496
2887
1494
2705
3104
2475
2949
3184
2627
2644
2335
2819
2727
2425
3117
2893
2386
1673
2816
3042
1808
1844
2744
2661
3067
2971
550
2609
2552
2948
1869
2955
3094
3140
2187
2495
3144
3095
3173
2825
2911
1195
1897
2821
3072
3149
2098
1989
2629
3016
2795
2771
3054
2082
1683
3050
2863
3017
3097
3041
3078
3188
2707
2826
2883
2121
999
3079
2954
2982
1797
2374
2584
2628
2656
2912
3208
3218
1112
2991
3202
2190
3003
2572
2643
3204
3217
1505
3212
3075
2242
411
3128
3023
1899
1126
2536
830
2839
2900
2633
2193
3169
3147
3153
2676
1583
2736
1500
2094
2455
3196
2769
1488
1837
1608
2852
2985
2396
801
1849
2861
2964
3057
3099
1662
3243
2993
3174
3068
3122
3182
554
3051
2395
2622
1878
2833
2803
2613
1565
2820
2817
3193
1475
3056
3124
2254
2840
2559
2570
3008
2987
3059
3245
3186
3187
3159
3109
2958
2814
1979
3009
2890
3179
3198
3150
2674
3137
3176
2454
2561
2716
2823
2511
2379
3088
2482
2694
1415
3171
3034
1984
3138
2634
2134
2752
2996
3048
937
3106
3000
2895
3244
2992
1079
2522
3011
3060
3239
2665
3073
2568
2598
2519
1801
2723
2983
3108
3256
2789
2131
3163
3046
1960
1423
2956
2624
3170
2994
1525
2737
2872
3209
3114
1632
3160
2211
3036
3158
1330
2523
3110
2223
2698
3250
2988
3247
2470
3102
2764
2765
2884
3043
1513
2233
3135
2760
3013
3119
3132
3175
3168
2426
3143
2873
683
2222
2607
2631
2802
3189
2250
3154
3071
3127
2435
2666
2927
2936
1679
3233
3116
2051
2700
2746
2980
3053
3066
3151
3181
2908
2878
3200
2867
3223
2252
2754
3156
2137
2933
2636
3164
2952
2669
2809
3070
2115
2713
3199
1910
2701
2512
3220
3055
2560
3131
3210
3213
155
2691
2261
2962
3190
3215
2555
3191
2946
2415
2815
3195
2947
3180
3161
2642
2951
3192
1010
3241
3162
3197
3251
3098
3130
1918
1539
2921
3230
2920
2096
3155
3240
2801
1464
3238
2574
2838
3237
2663
3232
3253
2266
3133
2321
3257
3242
3234
2811
3224
3172
3229
3012
3183
3227
3007
2888
2940
2860
2490
2581
2654
3126
3177
3225
3100
2919
3115
2301
2904
3201
1573
3207
2942
3226
3010
3255
2084
2845
2918
3092
3120
2855
3205
3235
3022
3118
3249
2586
3076
3065
2720
3248
3123
2767
2894
3129
3236
3136
2325
2310
2961
2902
3219
3064
3214
2589
2100
3252
2751
2013
3258
2882
2979
3146
3148
2805
3228
3145
3028
1959
3231
2311
3216
2859
3121
2998
3211
3254
3259
