133
97
245
159
329
349
93
420
200
63
725
641
304
33
370
86
478
283
186
536
4
471
459
406
463
166
644
291
441
134
368
168
180
378
231
115
966
330
338
68
530
599
70
45
691
384
512
194
1146
502
306
146
486
372
854
142
490
475
27
128
611
129
73
162
1419
314
442
887
709
341
52
282
228
516
1052
225
195
517
492
24
1076
827
893
592
53
430
343
679
437
924
183
13
806
249
443
299
191
970
40
199
768
325
521
1207
201
360
123
1005
466
50
1159
788
404
1172
108
69
494
777
509
138
220
174
241
204
1080
601
708
99
604
575
301
1399
624
427
927
1069
148
381
1111
280
303
122
189
823
583
669
49
677
157
452
1184
91
807
1376
868
352
5
758
1067
630
882
339
1137
860
232
1017
412
1090
845
1097
1131
522
1492
1325
1006
346
479
421
506
1261
623
735
1078
48
350
1636
1189
374
426
207
170
741
546
81
899
770
1466
429
763
1328
358
730
593
327
136
398
344
252
991
461
216
981
317
805
505
300
687
1120
828
235
809
402
566
244
1262
265
640
407
829
1089
18
333
294
1193
101
61
2011
1867
229
653
607
652
28
221
448
1001
572
501
188
740
1220
831
409
1286
1912
745
528
888
1113
110
1266
1048
309
456
1164
892
1561
400
331
397
1013
67
22
1004
410
255
1495
79
832
348
1056
17
996
1275
1735
1162
60
395
626
130
298
998
1251
65
439
483
272
316
423
596
258
239
1696
527
544
408
815
568
1167
1768
66
934
794
799
817
1124
1382
342
474
481
1369
606
1256
92
120
446
215
1968
761
617
733
105
1135
320
851
849
814
29
518
100
1740
595
1313
1493
297
631
390
1299
126
84
585
950
724
1695
179
694
897
184
841
534
419
1116
1807
203
783
222
417
873
797
0
645
1029
1134
1295
198
310
947
399
435
308
923
1866
515
250
578
38
365
900
2
865
237
318
1248
187
218
567
1140
332
376
454
713
638
1461
1208
15
1326
1250
549
16
373
1629
884
1254
1216
1014
354
663
1747
1985
1012
912
438
605
171
877
271
12
428
487
1202
113
178
1453
190
302
681
1360
872
1389
775
153
584
646
670
553
811
242
703
473
305
1681
1021
697
917
41
14
1252
704
1271
1872
42
322
564
1019
821
531
1479
285
1059
76
1191
1787
629
1
345
1227
1917
273
980
1061
259
908
1366
977
1721
137
176
312
880
710
192
771
62
233
715
78
293
925
257
1705
1148
885
147
795
846
1028
1410
2056
1353
107
495
1320
1491
1434
769
436
139
321
284
1105
859
961
6
752
616
1305
256
131
208
889
1451
1319
1142
1543
1612
1307
324
935
1203
119
826
906
982
161
1221
1420
1185
2285
987
620
1071
1109
796
1058
433
243
545
1995
383
773
867
1264
1045
361
31
682
375
416
971
1431
116
1168
1349
755
1351
158
856
2019
224
1149
334
886
1039
2355
165
525
526
812
30
278
1752
169
296
460
772
1152
519
1712
559
2029
1092
951
74
1421
1502
470
264
1095
557
1270
1527
658
1133
717
328
1591
1332
1118
508
800
1585
562
94
870
552
1163
163
1650
1034
21
1188
1238
1329
386
1443
570
997
1308
1136
820
1588
945
37
154
698
164
943
1810
240
598
2153
1597
