456
672
838
869
901
338
165
112
615
188
274
604
770
798
836
876
895
930
582
623
650
807
540
541
462
848
527
929
25
187
302
787
122
698
748
280
543
676
123
229
243
306
422
426
448
644
794
797
809
900
913
917
283
365
477
214
348
37
592
449
907
555
769
611
660
667
744
150
740
29
41
686
369
802
535
133
247
498
617
490
500
566
609
724
725
865
887
923
928
219
134
421
145
232
246
654
858
926
511
536
358
528
639
238
389
786
839
282
149
545
106
227
230
533
647
757
768
264
391
139
206
337
642
704
774
205
675
695
491
5
882
344
249
116
275
454
634
638
765
810
891
224
76
625
240
223
703
514
253
109
117
607
715
822
833
834
873
202
32
239
450
719
539
77
657
785
874
906
645
301
558
110
589
204
585
831
942
24
113
705
35
281
309
392
445
677
911
743
458
588
371
322
883
340
752
468
517
702
279
368
712
872
466
573
673
778
231
201
278
326
756
155
120
370
485
547
597
603
608
626
627
658
747
813
818
841
849
855
889
903
904
925
933
939
397
260
742
674
417
50
4
356
255
480
293
681
502
773
404
515
334
529
805
13
299
210
217
594
74
532
662
764
276
804
829
362
598
439
828
932
363
179
267
447
323
380
38
444
471
482
796
62
564
628
151
342
581
590
746
409
320
384
153
256
9
46
268
408
700
194
70
53
684
767
864
908
941
460
156
118
474
680
736
521
735
178
425
73
7
173
435
701
430
669
15
339
437
503
519
596
614
830
857
896
940
492
330
174
401
208
111
443
497
682
242
387
453
464
48
14
167
335
446
505
781
880
927
633
19
191
28
544
562
766
317
516
294
661
696
707
868
877
372
478
63
130
817
211
487
612
182
83
218
493
382
355
513
220
16
138
343
656
853
861
894
938
67
451
121
530
68
486
233
537
631
313
577
176
55
290
93
413
574
385
668
751
272
733
689
333
546
606
819
716
388
893
346
273
755
886
710
367
518
584
815
559
11
347
643
866
79
354
75
311
45
64
291
315
488
495
652
720
845
58
433
103
132
418
554
432
286
324
307
98
108
349
580
620
52
924
575
104
779
30
162
345
548
571
257
576
892
137
843
199
292
148
572
473
618
27
424
745
427
395
196
287
128
160
143
254
727
236
186
314
351
209
467
248
481
683
862
91
71
288
97
678
405
699
846
854
936
556
235
266
157
613
23
522
697
875
921
329
431
366
386
105
459
261
753
364
624
203
308
82
22
207
599
200
213
708
59
795
72
6
393
312
159
897
383
142
635
102
583
470
175
359
303
