922
465
472
523
919
531
814
484
709
884
81
304
806
914
407
578
910
670
429
411
741
863
327
225
754
33
419
601
664
840
332
788
793
902
835
560
180
476
685
496
241
378
679
731
750
935
888
483
641
791
800
881
890
937
648
789
934
80
438
96
215
415
440
619
823
730
43
244
552
129
412
569
898
587
39
758
127
452
666
310
375
811
20
185
381
394
595
721
738
899
171
463
713
824
878
297
714
759
277
410
801
526
632
812
871
591
732
400
723
729
851
509
761
777
792
295
722
859
8
557
84
374
489
520
550
621
653
687
784
847
300
379
296
600
655
775
912
534
65
234
646
289
331
637
790
844
568
396
663
690
131
166
455
616
622
671
762
803
825
915
931
542
436
739
629
341
158
226
423
475
711
718
737
760
867
170
860
251
538
3
565
630
216
816
114
125
135
250
