402
284
328
399
776
352
428
726
832
95
270
457
192
195
189
336
181
420
144
221
18
183
86
316
441
154
172
222
265
285
469
506
691
717
728
905
918
920
169
325
508
198
78
0
107
237
54
56
561
119
692
136
305
567
21
259
827
88
40
885
85
90
357
504
821
434
1
269
124
42
636
837
856
377
258
321
771
34
553
694
763
850
507
442
414
350
262
12
49
92
808
47
184
101
2
197
10
525
140
89
579
100
563
461
361
69
51
252
141
416
782
193
17
61
403
398
87
164
651
376
494
780
852
190
212
373
36
688
693
706
510
271
245
66
228
31
870
57
610
665
772
177
298
263
94
353
499
586
734
360
512
161
115
783
147
479
60
659
749
799
602
406
126
549
146
640
163
649
44
916
551
152
318
820
909
168
501
593
524
390
605
319
842
570
879
99
26
826
