85
596
53
778
671
630
411
347
99
272
535
788
988
643
884
393
114
256
235
439
523
568
544
513
529
251
786
567
757
375
621
476
735
806
44
228
463
525
415
832
212
40
970
863
420
459
809
519
391
846
376
283
685
308
284
131
627
504
441
915
12
494
410
766
607
509
808
814
475
48
132
394
652
148
490
592
1005
338
51
124
69
349
820
564
360
589
769
63
428
524
497
162
242
408
578
801
317
486
264
431
836
540
556
64
324
613
293
296
694
379
759
287
831
515
550
461
13
444
39
432
322
1
195
879
223
991
405
269
663
471
561
670
927
667
600
289
76
944
295
336
1061
159
136
231
972
922
719
163
346
121
727
681
728
854
453
579
910
71
103
451
482
593
448
640
38
211
343
570
692
127
313
633
425
79
710
754
651
1039
887
262
709
610
691
353
187
221
112
371
290
838
690
335
111
229
260
188
446
767
689
24
732
693
380
314
893
644
813
706
784
507
129
217
52
298
427
182
582
49
331
258
311
546
300
238
144
932
417
840
456
191
588
575
87
294
827
531
252
319
802
469
457
656
722
234
878
20
261
548
436
773
748
984
503
200
730
980
501
948
591
558
881
1055
830
626
492
176
995
1111
168
874
386
46
237
565
82
653
763
823
704
149
243
116
1016
1031
896
458
683
795
554
26
562
488
387
297
115
288
764
926
563
362
1025
654
890
866
828
825
771
253
102
167
842
271
275
688
877
433
608
518
624
650
661
332
1107
105
905
569
620
466
997
1087
340
811
500
422
236
1146
61
372
999
553
886
583
665
545
937
943
725
934
845
35
885
363
731
359
496
378
342
171
389
872
474
925
303
587
797
894
1010
67
888
942
1053
193
218
903
516
664
853
708
203
875
810
316
424
962
172
517
781
499
460
1142
912
1109
91
1038
1062
616
1103
478
325
1064
707
443
756
805
736
924
979
354
285
870
876
668
333
817
753
815
1185
818
1074
464
68
782
1252
416
1072
743
637
740
776
860
816
791
539
1032
1051
780
628
602
244
232
762
511
491
737
821
636
931
1170
532
100
595
1060
1080
1207
1243
398
533
720
447
32
220
566
641
1181
824
677
276
481
705
1043
177
976
328
495
348
1081
680
760
611
266
434
1041
605
388
726
871
574
913
612
955
713
738
702
465
696
412
669
981
993
559
989
618
1221
1013
1007
892
794
1049
555
758
829
384
1083
383
994
973
851
599
426
1112
407
659
381
662
1104
17
396
649
477
946
169
1129
868
917
914
865
315
409
1092
789
761
189
897
1063
479
721
938
902
1206
698
1154
312
1058
150
940
849
906
1232
733
263
1224
839
673
858
1091
744
793
571
2
601
1137
1089
703
950
1073
291
747
527
861
655
248
717
551
437
1130
1028
687
1033
1108
777
952
577
1036
1295
1153
1161
971
792
366
374
421
506
947
919
1116
142
774
1085
699
909
714
557
957
768
78
779
718
646
508
584
1046
745
1059
622
783
978
898
625
373
549
956
741
1078
1022
1249
1148
750
1196
419
676
785
916
1008
1117
1044
1009
855
246
1115
192
798
990
1174
170
967
1101
928
1021
1097
920
961
843
526
923
385
1180
772
1204
904
739
799
847
1057
1278
880
1228
1076
936
889
752
1017
1233
775
1248
1105
274
977
1069
1110
841
617
1194
859
939
1047
765
1004
1141
1066
746
1131
334
834
1253
1012
222
882
1267
1135
1220
1179
787
986
992
1214
1159
1011
964
306
869
1094
697
1125
960
1167
1157
1054
1279
50
969
1090
1003
770
493
528
1095
679
1048
883
835
812
1143
1169
1077
1023
1210
1001
502
983
345
580
711
1189
1241
1288
247
749
210
949
1251
1140
1079
723
1285
364
255
1127
1225
864
862
585
975
945
891
534
895
1136
755
1037
1213
1215
1096
90
867
826
953
1208
480
796
1175
552
1284
1172
852
724
472
1147
1002
1114
929
1027
1093
270
963
1280
597
1045
1118
1199
572
1071
734
1235
1149
133
790
1151
327
1075
857
954
647
1304
1178
435
1202
1138
1052
1042
1201
635
1209
632
1040
126
742
1029
1282
198
1227
1163
1099
1195
1218
1067
974
1133
1294
1230
1321
682
1152
1126
369
1168
1325
1245
918
1222
1088
1259
1024
1258
666
1119
959
1156
1242
1240
822
145
1030
837
454
357
1098
1123
1187
1297
1120
1162
958
1015
1056
1276
1256
1226
1223
1026
1034
873
951
1247
1193
1198
1086
907
900
985
1203
1315
1286
1158
1124
966
1266
987
326
1068
1217
1264
1328
1270
1254
1145
848
660
1312
1302
1014
1231
935
1337
93
1244
1263
1291
330
1121
1303
933
998
1197
1183
1310
1113
1236
1132
1173
1323
982
1019
1257
216
1192
729
1128
1000
1171
1082
1335
1191
1308
807
1246
1311
1184
1188
609
804
700
1211
1020
1160
1271
1165
1290
1100
1102
309
1265
1296
1234
1324
819
1260
304
658
850
1106
1262
1330
712
1316
996
1314
1272
1319
1190
1205
1327
1346
1006
1261
1320
1065
941
1322
1186
1250
1139
1122
1338
930
1237
1275
576
1084
1212
701
1229
1292
908
844
716
1341
1342
968
1239
1238
1274
1219
1331
1176
1155
1182
1336
1018
1216
1307
1306
1050
1177
921
1268
1150
1332
1277
1273
1344
1269
1334
1144
1287
1317
1329
1305
1289
715
1035
1164
1166
965
901
1298
1299
1300
1301
536
1200
856
604
1070
1281
1326
1134
1255
1313
1283
1347
1339
678
1318
1340
1293
1333
1348
1343
1309
1345
