512
0
514
3
4
5
6
7
8
521
10
11
9
520
14
522
16
15
18
19
530
21
22
23
537
538
27
28
29
541
543
31
33
34
547
542
37
30
36
41
42
43
45
47
560
54
55
56
57
58
59
60
573
62
65
66
581
70
72
73
74
75
586
77
590
80
81
594
83
84
118
598
86
88
89
603
92
606
95
96
97
98
94
101
614
615
104
106
619
108
107
110
623
109
113
629
117
119
120
631
122
123
634
125
638
639
128
25
130
642
645
134
135
648
137
138
139
140
141
143
657
146
147
151
152
153
154
155
156
157
158
160
161
672
675
164
165
674
166
684
173
174
175
686
178
179
180
181
183
184
185
695
186
190
194
196
197
199
201
202
204
205
206
207
208
209
213
214
215
219
224
225
226
227
230
233
239
240
241
751
245
249
250
254
257
259
265
267
268
273
277
278
279
280
281
282
286
800
803
292
299
301
302
305
307
310
318
320
833
321
323
329
337
339
341
344
350
351
352
355
356
358
361
365
367
368
370
377
382
899
390
392
395
397
911
400
401
402
403
404
399
406
413
414
418
423
429
430
438
440
442
445
449
450
452
455
462
467
468
470
473
483
484
485
487
489
498
505
510
