45
2985
287
1356
1273
1200
1133
1278
79
151
205
2079
1206
1154
2935
1117
3237
1329
798
2319
2592
3553
549
1919
279
37
1009
710
1313
1912
1558
1017
1647
1002
1028
2521
648
213
1877
1887
396
605
2240
906
1321
461
1666
844
371
2810
1446
1376
193
1546
232
182
859
992
1504
1260
1347
2947
2950
1285
1777
981
16
860
989
512
2130
1057
226
790
1371
564
2720
33
1942
21
1008
2745
522
1730
1503
1868
687
563
1261
255
1512
1626
1605
1979
346
2667
557
3559
1963
2156
1828
3814
2387
276
2148
2306
672
215
1614
1888
538
960
385
282
2996
2931
397
1934
1635
2987
528
2281
1538
1599
1987
1475
517
3423
26
1710
1952
131
824
354
76
315
1166
3336
1982
1751
2095
2650
106
1283
818
387
937
359
1857
283
1197
176
807
1337
374
595
1302
2964
427
195
880
1045
2236
1236
3436
12
1429
969
447
970
2185
2217
1163
1362
572
1030
1072
1527
829
2186
2429
983
2924
2376
1575
220
956
2047
1215
1201
740
1400
2595
755
753
2180
431
700
1425
1021
2676
731
1956
1031
1151
1403
368
393
1327
986
1053
361
394
784
1734
187
934
1316
1706
1112
1384
2784
155
1472
2154
2880
293
1797
599
1330
2028
2714
885
1564
796
613
1552
688
812
1716
2865
794
252
1497
2515
2532
828
2443
1178
2268
1460
892
3016
1213
2729
2455
421
135
1126
852
2602
2303
311
1338
24
703
391
2459
1886
631
1769
1395
1754
312
2200
3209
1913
2569
505
786
2352
2716
3047
553
851
1212
1370
3067
1728
823
2058
417
1506
2766
1515
2738
1075
2374
2249
797
977
294
994
362
1759
1121
1450
1838
298
475
3287
491
164
2392
1168
295
2278
85
1845
262
2328
1452
527
2563
216
820
184
1289
579
1106
481
1188
1516
93
686
2355
2377
1782
3514
863
98
2057
1645
750
2977
314
1556
1358
1214
23
60
2128
3826
682
1177
630
126
780
3125
2173
1598
840
118
734
1918
2037
2818
637
477
589
893
1423
920
2796
2833
3100
1583
2671
2681
746
708
1352
86
1683
237
496
3362
1585
444
44
355
1830
1785
2397
2332
504
537
370
568
448
1721
831
913
1557
1334
2283
1929
1970
259
1208
884
2077
190
453
1139
1841
888
670
623
160
1368
2320
2262
305
1231
2679
845
3365
1776
2710
4080
463
773
145
898
3699
1162
657
692
3103
3921
659
1760
628
1735
1920
570
2711
170
1033
2111
1729
1821
1661
2814
403
1678
2838
3289
254
1939
678
1274
1375
1589
1699
66
735
556
2207
816
1046
1435
1381
2125
2246
3098
958
303
3841
1693
747
1727
872
265
28
2052
258
1994
2292
536
566
492
2159
3860
1064
1114
2647
516
1134
2267
2811
2008
411
3378
2609
590
2115
1441
1240
229
1862
726
502
1613
1247
1579
573
2519
554
1932
660
1233
2212
3199
2260
1846
2330
2093
550
1688
990
1447
1093
1268
2235
3110
1143
1245
1367
3260
1926
2539
804
2433
419
67
2068
308
1482
684
938
197
185
873
243
2175
513
1194
2224
2225
611
338
774
1547
41
2434
781
1085
2140
3579
302
806
1335
677
209
1158
3207
3147
1198
2305
4917
2956
3987
1254
1014
1431
2351
2222
1549
69
922
2002
364
18
2657
764
2279
1127
1209
1899
1610
2248
2074
1083
2831
671
3139
406
2484
1966
1422
857
1631
4474
1095
1120
1766
1355
465
0
618
1955
1521
1539
2852
699
751
1249
2226
1947
540
2544
1077
1296
1969
889
2625
95
114
2826
2378
1773
3308
256
313
2886
766
3529
1861
1380
4436
778
498
1175
1318
1541
3276
1578
1615
771
1155
680
2503
201
1567
3247
748
1712
1146
1542
113
2059
1981
3048
2452
472
562
281
656
901
2004
569
1794
503
2739
1608
2297
713
1676
489
878
2937
2884
3504
1973
733
3259
1909
297
3975
1048
3161
3226
3250
1341
103
3146
1798
2307
4224
3433
3333
1251
653
1063
2668
2801
1831
15
1818
1890
307
3424
31
894
71
2030
1248
3005
3198
2107
1849
3775
1006
500
1581
2744
110
2146
832
2536
1510
1275
1609
1079
1986
1829
3020
931
704
739
1123
2407
3029
561
2230
870
2160
490
1965
1309
2357
81
1584
690
838
175
3632
2045
2971
3234
223
552
1281
2574
3118
3051
3320
3463
2051
2367
1082
3641
1210
3730
966
150
2616
1778
351
1928
1852
2214
988
2547
3170
529
984
1984
2527
1290
4042
1820
3028
1172
2890
2216
120
2903
2866
3181
2593
1654
639
1826
1205
2655
770
4238
196
4659
3684
3312
2502
1308
1493
526
534
3085
1586
1562
501
2153
3429
662
1675
2195
788
2018
1256
3163
3537
541
1736
542
2223
2693
1187
2215
1656
1781
4608
365
1138
325
533
2244
418
2533
2113
3603
2815
2976
2218
2869
493
65
2551
1853
309
935
914
2373
2641
523
460
2808
163
616
1097
2932
2972
2496
799
2773
455
507
1724
2448
1196
2590
149
2960
425
2789
1976
3239
1314
3552
3753
1964
3294
451
288
767
2736
3030
360
1633
443
2959
2674
3723
1812
769
320
1152
899
2685
2464
634
619
1457
1066
1931
2384
2078
1241
291
2121
1659
383
968
166
964
358
2145
1379
3568
785
454
1377
821
1743
1024
2855
375
511
330
3299
825
868
1570
864
2792
3542
2361
607
3874
2491
1770
62
2440
4030
409
712
1617
3134
1930
3792
3452
957
756
1360
1065
594
3643
208
575
3495
1622
3842
1508
2465
1783
1465
2479
3053
376
2508
2066
3683
1351
2010
2210
1051
1235
2439
225
1480
1416
2501
2393
3685
1916
2968
1914
1052
1718
1372
1694
1346
689
267
2150
2645
1737
452
2558
1336
136
1917
3525
765
2564
1873
1856
3342
802
1253
2194
725
2285
809
2099
1696
1731
2335
2100
3177
955
930
1036
4614
2583
3692
2117
260
1824
2946
603
544
4110
3715
2304
2511
3363
1267
1996
3293
1090
827
1393
661
558
2169
1189
116
2097
2844
1690
2902
3794
87
588
2339
762
663
1985
2247
2495
1977
2166
1720
3704
2103
701
2804
2991
2969
709
2516
551
4665
763
1725
2678
4134
3381
3096
945
420
1883
1478
4425
3330
2193
2554
4052
2726
3959
4111
122
1905
1306
4316
1971
2368
1711
2505
1448
2197
322
1407
1551
3710
1822
1747
1081
1935
1269
856
2181
3066
3783
932
2795
2635
714
2853
3744
711
1494
4272
1369
2771
4073
3175
2724
2428
1444
2524
1144
240
341
3405
676
1019
1618
2415
4839
658
400
3805
1550
2209
1426
306
3334
963
4477
601
133
2664
3817
1945
1434
2056
3108
3668
380
1164
3182
1288
2504
1649
1040
2273
3484
1499
468
1893
521
837
846
3264
3844
1047
3310
954
467
933
2520
3468
1067
1068
4107
2053
2425
830
1099
1767
4897
698
2621
2781
1744
2879
4003
3223
1118
3054
13
2472
1012
75
598
1896
3042
2087
3188
1257
3949
567
327
3508
3454
951
4607
99
3189
1035
2562
2760
11
436
1490
1827
2089
1697
1561
3323
4155
3474
3265
2242
3158
3791
2949
2921
1637
2152
2046
1185
2944
1181
1383
372
1866
3014
2605
2021
2178
2598
3694
72
1648
3440
464
1572
4019
833
1624
239
3410
2144
669
2191
3922
3912
1404
3112
4527
3518
962
3027
2940
4114
100
1456
40
3591
2649
645
367
1491
1230
3031
274
3606
2274
22
3745
4389
3762
1116
2998
777
3890
3460
2809
1291
2787
2896
2548
1780
1708
685
435
404
1713
3271
3121
3519
487
4229
4158
539
2301
2381
625
1705
1834
586
2822
3352
1650
199
495
3773
3925
140
1044
624
4185
1326
3752
944
1629
2444
1576
1911
3705
4742
3864
4241
3045
1872
3185
1907
486
2908
2412
4812
1041
1280
2228
1876
4096
929
1140
50
1519
4137
4366
1653
4242
186
1674
1413
3852
4641
1953
1756
641
2287
2036
3327
1817
1867
1670
4746
3546
2961
2149
1761
3266
2568
1517
1620
269
2098
1863
1011
3594
2535
3648
1509
1462
2416
104
1183
3003
2471
4884
1343
1284
1885
4303
1059
596
200
1227
4405
2293
886
9
1344
2665
1211
3242
2575
1332
3621
3543
1701
1574
3023
2123
3597
2365
1238
1842
3019
2669
1132
2758
1502
2986
2538
2580
1108
4472
2675
3386
3039
57
4649
19
483
248
2266
1320
3671
1398
2757
2525
3983
3421
3176
3494
543
1070
2836
1749
1103
2800
2770
1915
4250
102
3895
4563
82
3252
2607
1479
535
2353
1640
738
3561
4101
1207
4825
4179
2723
1554
1788
2211
4806
808
1025
4301
1588
139
2347
2832
3585
2070
1498
4616
995
2404
3232
3757
1904
1399
902
548
525
973
3523
574
4296
3907
331
2370
2648
2094
68
3007
1096
2979
2779
2545
363
4934
921
2769
2997
4254
2955
3204
4188
2309
2116
5098
1563
129
633
1908
2639
2083
3538
207
1523
3236
4132
3551
3425
1803
1522
1651
4943
2314
651
236
2284
3136
2205
2104
2067
2988
3082
1590
1532
3344
485
4717
560
950
3690
1417
326
3628
3319
4534
2348
2419
1784
2430
153
137
412
2391
4339
3453
4486
212
923
793
2513
3485
3069
3567
3999
3640
2009
1790
1026
337
2189
565
3599
2020
2015
4995
905
736
1582
2819
1992
2411
92
1361
2102
4751
4961
2129
1365
3944
3464
3178
1419
3445
1487
2027
353
3269
4370
1221
1410
1925
3695
3195
1495
1050
2299
1054
2737
268
1042
1967
3124
4066
2080
3754
2313
2754
3190
1440
2768
273
3941
2190
2311
2791
299
3507
3455
3192
2001
3581
3557
869
119
2904
3624
3660
3037
4300
2559
3725
3277
2302
2263
858
1349
143
4262
2011
2324
3973
3703
2974
3408
3411
1464
1110
4075
2427
2033
3536
1415
1793
3509
941
1895
4045
251
2196
1975
1250
2900
675
4958
3221
1170
4497
2755
1611
2091
1443
3471
1382
722
1752
3780
4455
109
2651
967
1903
2839
1999
35
4905
2851
3339
1277
1855
800
4723
2846
1218
697
2565
583
1544
1180
3727
2730
3120
2372
211
3447
5407
2788
1111
1789
2704
1437
1191
2747
4595
850
3459
2291
3888
5292
1949
3735
3682
3787
2486
2264
2385
2803
2916
3038
3361
1962
848
915
3716
2835
2069
3719
2120
4055
1641
339
1792
1438
1307
2199
4516
3665
730
2630
3018
3159
4445
3488
2633
53
2776
3024
3649
2613
3173
4433
2364
3724
2088
1938
1258
1004
1511
779
1568
1592
4734
1363
4567
1325
1159
3318
3025
2596
664
3729
1061
3953
142
408
3106
3637
1102
1124
1467
2202
1436
1806
3140
2243
3837
284
3981
4119
2239
803
430
1286
329
2989
2400
925
301
2468
1220
1673
5208
2862
1815
4016
4969
1016
3060
3795
3353
3845
2019
4227
1414
2271
3681
4285
855
3191
1555
235
936
3414
1300
4388
1871
272
3284
3261
1128
876
1799
2930
758
3689
2265
943
1941
88
948
5092
620
1679
4599
125
2798
3062
3958
2081
3823
3930
668
2164
1074
4091
1461
3893
249
2642
2984
2269
2192
1889
2231
4533
4260
4184
1058
1469
2526
3500
3910
2958
1823
2277
1989
389
4165
4446
4290
2203
111
741
2687
4547
2799
1147
2858
4168
1076
4278
2936
2288
319
4674
4736
348
3583
861
4683
2031
1217
3908
1545
424
3375
4264
2719
1901
290
1193
2695
2441
928
2435
3267
1805
2447
2473
4743
3598
3861
2395
717
3853
3674
1113
2901
3285
1385
2600
4086
1750
5440
3107
2701
3843
1580
3779
3548
4826
2686
3214
1961
1029
2981
2485
4204
1643
559
402
3358
2126
4609
4020
3217
3099
4093
2450
1232
834
4988
3348
4128
1950
2506
5002
1566
4268
3803
2162
4725
2151
2060
4926
2157
1418
2731
4896
2696
2142
2963
1870
4985
381
3995
2420
597
1022
2272
494
1604
1807
3225
3469
415
4666
1837
3726
896
2286
2259
426
759
1056
4706
3043
976
1709
4476
1714
4840
1748
3672
4975
3919
1311
4334
4050
3132
4816
2889
4691
3407
1819
1378
4554
1791
2275
1997
1432
1317
3155
4970
1148
1765
4092
2617
2055
2474
1216
1825
4333
1940
2885
3501
2829
5141
3720
4732
347
3065
2161
2734
4163
4438
138
42
1451
30
1389
2322
795
3782
3985
2967
2300
3512
3515
3625
334
4049
5110
4424
4883
5
3373
5190
1923
4580
4402
3799
4116
4206
2614
2492
4767
2805
4461
1860
3988
1340
1655
3467
2828
5256
181
1951
1359
3148
975
4504
2627
4422
1779
3074
2905
1768
1161
2586
4039
2171
4880
2894
2703
3556
4443
1027
2076
214
4205
841
2868
1463
1458
2039
1978
3859
1921
1882
576
4692
4059
2003
2017
3479
3360
942
3315
2608
608
2329
5235
3000
2424
4753
1652
1199
635
3865
377
1084
3789
727
4194
1692
4589
1682
2466
1771
3229
2732
585
1832
836
1569
192
3279
4487
1259
3596
3302
1560
2597
1264
1315
5331
652
442
1804
4638
2673
3258
4727
161
4072
3201
1000
865
3186
3162
2660
5089
1295
1282
357
2546
3781
581
2170
4634
4686
1088
3976
3740
900
1991
5240
3647
3605
4976
2458
5100
1459
1474
5234
5031
953
4814
2480
2534
946
891
3642
4068
1105
3714
1753
4193
2942
3741
3667
3969
1936
4523
5645
4536
5652
4434
2049
4513
3137
3013
3481
203
3114
3461
4623
998
5286
246
2705
3506
3291
4036
3220
4263
4131
5025
1796
2221
2252
4326
4925
3090
2383
1483
744
4244
4231
3244
2966
3109
4081
3442
3438
4400
5207
5109
4118
3487
4144
1420
2006
3388
3615
20
1858
1543
2628
761
3448
2338
5181
4410
3918
2388
1689
1937
3759
5090
4271
168
4911
3834
1391
3590
2476
2481
4166
3828
4879
3531
5022
61
3797
4011
2631
4765
4180
2823
1854
3955
5303
2727
2280
3943
3135
3572
4620
2561
2188
1345
3263
2897
4729
3432
3659
3619
4364
4199
4458
1204
4444
3800
1186
3654
1324
3622
4328
3486
2830
3592
2895
5049
97
264
5081
1880
1449
2957
2728
3004
4946
350
3924
4383
4371
4375
1571
3810
2790
1639
2541
1664
32
3547
693
2487
3203
2198
3382
1520
2310
2295
4499
1738
3101
422
4120
3938
3855
437
3764
2399
499
2498
3886
3046
996
2753
2270
3231
1157
4489
4232
3526
2477
4386
3286
3686
4419
5450
3812
399
4777
5122
459
2042
1301
2864
1357
985
2882
3963
5672
80
3303
3850
1401
993
843
3426
292
4662
2135
2426
2499
2179
2632
2122
4677
4696
5067
2334
5064
4813
4490
580
4577
2453
2315
4431
3466
2581
1597
4687
4017
46
3393
3702
189
2629
4535
3772
3761
609
5578
2928
5252
2718
4482
2618
4496
4562
2786
3092
2208
2410
3815
4838
4948
1559
2040
4129
3035
2418
4060
4202
2038
4335
230
4135
1612
234
2582
4429
2733
3680
3520
5462
3528
1222
5477
4442
3776
2358
4385
642
4012
2436
787
219
3790
4037
2024
4361
3503
1350
2254
3687
4196
4282
847
4866
3613
1540
2431
2610
2298
4058
3081
1203
1323
3804
210
2962
482
4286
2591
4803
5321
5032
1354
2567
3439
2390
4319
3898
5127
4565
2599
3916
4295
4393
2026
2341
2644
317
3588
1173
4255
2978
3645
5559
883
2463
4071
3748
3416
1813
636
3145
1668
974
3306
1115
4532
4855
4469
1353
5145
3222
4099
2187
1518
261
2025
340
2694
3157
2507
531
1101
335
3839
5863
1086
2939
2308
4064
3593
2816
4583
3870
4506
3482
2343
1055
723
1473
3574
2825
3314
2911
987
3033
3851
342
280
2557
2983
4034
3193
582
3168
3398
3340
3346
991
4498
2512
3569
2482
3205
2072
4189
3539
3212
1573
4456
4279
5444
3009
3430
2421
5093
4933
5101
4782
720
3822
2380
4344
2350
3937
462
4176
336
1037
4259
2943
3905
4622
5120
2497
5027
728
2654
683
1165
5763
174
5171
1746
3940
2082
1600
4001
3404
1476
2907
5263
356
5463
3954
3669
2995
2922
5759
5634
5383
3079
1660
3974
3383
1772
742
5309
3989
83
1226
3213
4951
271
1156
1287
5330
3228
3343
2543
5566
4722
1470
2780
123
3215
4569
5008
2134
2035
3128
1409
4824
3711
2775
2713
5665
1850
4764
3655
3165
270
4108
4752
3089
3560
4353
5600
4557
2530
4656
508
2806
2751
1602
4414
4160
2700
2321
4850
3355
3521
128
1507
4460
5103
1534
3777
782
1142
2622
2683
4247
1525
3032
2746
4006
835
2325
4451
4590
4216
2461
3057
2356
1636
4573
3160
2204
1531
2640
4004
1364
1322
4210
2241
2761
5356
4526
2906
5056
4219
3444
2174
4738
3587
2612
5747
1836
2531
2619
3666
4720
5078
2817
2022
3871
4591
3858
34
2840
3652
1671
1411
112
4130
2873
4789
4760
5215
3230
4113
3169
3058
4345
3868
4922
2342
3419
2500
5009
3535
5436
2478
3517
4967
907
4801
3133
4750
4449
3149
2682
2250
5239
4318
1723
3036
5261
3721
3836
3063
1062
4203
5006
5579
4878
5618
3650
5294
4473
5053
2494
3292
2601
887
1691
5268
2061
4170
2624
4159
3819
584
719
1957
3392
3566
4083
5042
3951
3678
4427
4778
5443
2540
1684
3413
2137
51
3409
515
3052
4380
1733
2785
2323
5673
3305
1553
4996
5838
3778
5258
1910
3881
4253
5287
3540
4575
2023
1802
4161
5307
4882
3127
115
3595
3564
4587
1894
4275
4273
3144
1680
4267
2993
4233
3977
5344
4545
5205
5343
4322
2389
5034
4404
4731
1646
5202
3901
4647
2827
695
2661
4845
3017
3304
3483
4220
474
5299
2888
3939
4730
4890
4174
4223
4848
3746
3180
2234
2883
398
5500
4342
3698
1529
854
3718
4793
3877
3879
940
4239
1990
2672
4297
4928
4584
2643
3196
2517
2396
4633
4302
4403
2136
4085
1795
2857
4786
1373
3084
3849
4228
3197
1717
3251
2954
3847
1865
3608
4846
917
4147
2183
4528
1946
5104
4579
4125
5059
4164
5528
5259
4005
1513
4695
3077
792
849
4417
4437
5074
3967
4939
3458
3270
1587
5794
4960
3321
4126
1339
3095
3820
5961
2637
1131
2041
5550
2354
961
2201
5766
1219
4685
5373
3246
5441
1662
3164
4106
5075
4124
3962
4642
5183
903
1262
4574
4613
5154
2514
4320
4399
4519
4805
3472
4173
2691
5511
1439
4266
4500
5039
2938
2623
2566
3798
1342
1174
5260
177
328
4907
5177
5000
3786
3210
600
1176
1229
4672
5044
4735
3249
3609
4963
4340
3635
1687
4325
681
2282
1304
2460
4435
732
3511
4898
3296
4508
2848
4661
3915
1619
1119
1122
2653
2386
3050
3061
4198
3968
3979
5445
445
4063
2333
5005
5050
5221
5158
2245
4090
3578
2874
5342
4256
2163
2542
5312
4146
2756
4252
450
649
3607
3610
5066
4209
5285
5687
3677
5350
2891
3328
2456
3364
2457
4593
952
3510
2331
1968
2349
3477
4406
1933
5351
3301
1294
5295
5628
3138
3322
5409
4632
4630
1454
438
5063
3900
1488
4226
4392
4492
1237
1243
4999
3656
4291
4040
4550
5800
5319
5324
2318
3541
3274
3166
5604
1745
3450
5400
5133
2062
3505
5209
4768
1686
4636
3838
1960
1094
70
4488
3390
1927
1125
4428
5016
3026
3354
2096
5305
3115
2573
1039
3824
5395
2589
2845
3480
3326
4889
3736
775
5499
1069
3558
3653
5055
5641
3102
3731
4013
5643
5185
4780
5203
2802
4354
4787
3766
4781
1593
4355
1405
3809
3586
2007
5281
5590
3253
5336
3272
4041
1310
4724
2253
4520
3309
4021
2012
4646
4978
227
1732
17
5508
4502
3376
3332
5483
5364
4317
4651
4694
1266
715
3451
2316
4617
5193
5442
266
1833
696
3832
3083
5304
1428
5730
5096
241
2712
1104
1757
1387
5232
4251
4481
4236
5340
3793
2165
4105
866
3902
5150
5480
5137
4470
4798
5706
5903
4892
5413
5882
5228
4610
5596
5561
4031
4923
4321
5394
4555
4586
4810
4558
6
4559
3784
3545
1988
3544
3151
745
1109
1993
3639
3437
1704
3676
2764
2892
3357
2927
3275
3403
2706
1875
3208
1630
2872
1634
3216
3006
156
3087
5054
4207
2812
2777
5718
5724
3238
1843
783
3171
4972
3492
2926
1591
2841
5369
5468
4800
5251
2875
3417
286
4465
3946
5629
3706
4309
2658
4329
5948
4142
4865
4140
4398
4914
3897
5589
3351
5653
4235
3961
1924
5587
4716
4352
2182
2143
3927
4906
3914
2576
3278
1098
2834
1471
3331
4336
3913
5708
2577
1298
5134
4831
2408
5457
4869
1621
5384
5125
4213
1060
1223
5380
4413
4807
2422
3059
5112
2229
5576
4908
4103
3854
107
4872
2899
3768
4197
3297
4802
4201
4538
5237
2572
4411
5522
3956
5637
2276
3947
2084
2409
752
3970
1202
4592
3369
14
2528
3202
3248
3257
4379
5693
510
1954
4739
4747
1020
4195
5166
4002
4306
5188
473
4183
4702
1481
1685
3663
3335
1453
4102
3056
5147
3496
5389
4774
3573
4214
3550
3831
2584
4078
4585
2990
971
760
2366
1677
5799
1013
3840
5382
3076
2467
3880
4984
2255
3575
2139
3948
3391
3377
1625
2529
5072
3582
5412
5592
5719
979
1695
4682
3311
5408
3896
1486
5017
1606
4104
3990
871
56
5507
3152
1906
2887
4611
815
5447
5013
1897
5547
4708
2893
3002
4310
1974
4655
1386
5539
1169
5536
2446
275
4949
4149
1293
5082
3476
5119
2119
4749
2772
5187
4331
705
5108
4821
5175
3401
2124
3385
3829
691
3693
2973
4792
3634
3174
5867
4515
5715
4363
5210
839
4881
5769
5376
2005
2951
4376
2793
2138
3960
4212
4284
4965
4378
2147
2462
5284
159
4701
2634
5431
2876
3088
4718
2290
5163
5174
606
2238
4304
4820
4741
2522
1071
3651
3456
3498
5695
2743
5083
5325
5198
3991
3072
5946
3126
3224
3611
5354
3771
5771
2603
4644
4867
2110
2071
4913
1445
2910
3885
5062
4007
2337
333
247
1427
3427
4748
4919
1922
4728
4581
3952
3094
1681
2489
1980
3675
3884
737
4015
2369
3113
1864
2509
3601
3493
718
4507
2611
5128
4115
3080
4757
5172
5567
4863
927
622
4062
4281
5052
4887
2470
4576
4769
3562
895
2952
4381
1669
4530
5375
4959
480
3356
5898
4332
5677
2945
4941
1392
2423
4518
2101
4491
4776
5449
4154
4457
1786
162
4719
5537
2014
911
54
3942
1884
5014
4421
5836
4541
4237
4998
5320
3008
4351
5244
3617
4384
3012
3623
441
5694
5524
2975
2914
2842
1707
5223
1477
2469
5047
2722
1374
4359
4277
1536
5080
2523
5107
3075
2948
5267
3021
4564
4294
1764
4475
2131
3367
3349
5972
3347
3577
5482
4024
4791
3742
2344
1195
2090
2064
1080
4048
4051
1995
5498
4095
3218
1150
4856
2065
4628
3475
3866
4854
3903
3428
3527
3728
3709
1092
4784
3570
5878
4054
4982
2953
5236
2606
3785
3662
3816
3359
3980
2454
4987
5201
4077
2934
3434
1433
2043
5692
5116
5114
3379
3366
5328
5841
4280
4726
4517
5667
1135
5315
4875
3395
5168
218
5023
4217
1811
5045
4495
706
3078
5496
3117
1844
5046
5151
3337
3964
2403
4484
4008
4390
3370
1739
3580
5007
5830
5832
5189
352
4387
4773
4762
4758
1100
5430
3889
5094
4368
5812
4478
5762
5423
5774
3929
4924
5557
4568
3478
2748
4440
5871
4057
5390
4797
5899
4510
5503
3788
5322
4602
4208
4234
4828
3022
1032
1136
1848
4056
3268
4338
5038
3116
3707
4369
5378
3001
5504
3644
3111
3873
4560
4862
4315
5019
2782
5060
5470
4794
3141
2488
3233
3156
5941
5410
2405
4191
3984
916
4712
5455
4836
1577
5527
5526
3555
5965
2594
5738
4462
3638
4509
2155
4815
49
667
5818
4423
5927
2820
5758
3612
5033
5516
3295
555
4324
2920
3055
343
3384
4061
4979
5623
101
2510
2445
5495
4648
5269
3325
1271
3911
5265
3255
3904
4169
4627
5710
2219
1787
875
1869
5905
4065
5895
2741
318
4069
2750
2620
4079
3011
881
3154
4441
4141
4852
2688
1632
4171
4618
222
5414
3129
5001
3130
5466
4861
121
5401
5485
5490
3629
3206
2553
4885
2220
5615
4571
3957
3899
2044
5218
5700
5573
2783
1179
5798
5437
4027
5290
2560
3717
5095
2919
5751
5845
3549
4910
4675
5541
2475
3490
390
4416
2127
5028
4918
1702
4621
4891
2158
1644
5106
2401
4937
4983
4693
2317
1859
4657
4968
4811
5123
4990
2449
4660
4981
5099
2048
4029
2877
5272
4187
1270
3673
5368
5484
3374
2992
5214
3420
1319
1255
5403
5839
5219
3945
5606
3636
5225
5605
3449
3747
5229
2909
5563
4157
2915
5453
4010
2717
5459
4100
3172
2690
3701
3380
4447
5071
2689
5248
5745
2073
5829
1107
4570
3878
1700
144
5266
4121
3825
2867
5301
4877
4089
3965
3934
4710
4966
349
4028
4808
5954
4022
5422
2707
5427
926
5429
3708
4485
4018
4952
5434
3300
5492
4136
514
3431
4809
593
3068
2765
3917
5113
4818
2345
1983
4249
5657
5417
3396
4603
5688
4605
5659
4117
5360
2296
3473
5661
591
5707
862
3502
3658
4293
4707
5920
3288
2778
2774
4971
2626
2646
530
3739
5130
5973
5974
4843
5997
4467
4525
5633
4531
2549
4070
4097
822
4347
5619
5068
4997
4343
4307
5227
1468
1089
89
5574
5556
912
4704
5554
3290
959
4663
2257
5525
3273
2680
4624
392
1087
1492
3806
5249
2797
5884
4874
3767
4396
4511
3756
3679
2762
2759
3751
1665
1596
2636
4463
5979
4480
4779
5865
1412
5323
4178
2437
617
5716
5760
5723
4697
1742
2912
3618
5945
5690
4785
3341
4700
3415
4000
4830
3738
4841
1015
5663
3571
2289
3462
5879
5711
4932
1137
3876
4870
5725
2167
3992
5732
3350
2233
5883
5922
5520
2913
4190
4505
4418
724
5115
4409
4394
2794
5311
4156
3097
5035
908
5199
2442
4604
4348
5391
4215
4346
5386
5370
5264
2925
4274
3179
1672
4074
4493
4669
5136
5194
5555
4450
5558
4479
3245
2326
3227
5506
5191
3187
1898
3807
4823
5167
5827
2878
5823
5091
5810
434
819
5777
457
5834
433
2085
4795
5180
1565
5964
4860
4452
4382
4372
4357
3627
5170
3626
4539
5242
5847
3602
2518
59
4283
5640
2438
1774
3131
3935
3399
2258
2398
1242
4912
5630
5509
3243
3262
5543
1878
4033
5398
3086
4756
4759
5733
4269
5357
5741
5686
5682
5638
5353
4864
5955
5956
5501
5280
5073
4938
4986
5352
5132
5787
5058
5595
4
5397
5160
5591
5159
5583
5271
4927
5051
4956
5253
5877
4921
439
5238
5233
5419
5231
5224
5456
5361
4909
5887
5111
5822
5651
5813
5015
5479
5696
5204
3722
4715
2105
3631
4349
4771
4775
3153
3931
3993
2118
4323
2898
3034
2109
3298
3446
4650
2406
3835
4408
2413
2871
3329
4705
3909
5079
4468
2709
5907
2363
1388
2327
5339
5775
4755
2666
4076
1018
3743
3254
2261
5938
5139
2849
5917
4014
2670
3774
3657
5562
5805
4667
2587
3760
4471
5721
5675
1840
4799
4842
3371
4817
5184
5824
4549
5990
3123
5852
5995
5764
5243
6032
4192
4783
4377
4243
5367
5750
4894
5489
5216
5493
4521
3524
3936
5749
3211
3818
1763
5894
3661
5660
5644
2856
4679
5802
3589
4330
5200
4640
4426
1001
5607
4365
4350
4992
3368
4991
1874
2735
3406
2850
5885
5671
5217
2417
924
5781
5582
3712
4556
4483
5345
4902
3532
5768
4109
4893
5371
4886
5374
5951
2133
4127
5765
4871
2656
1272
5102
6019
5105
5425
2184
5962
5329
2677
1741
5914
3688
4940
5192
5572
5577
4936
3758
5316
5161
5532
5275
842
5117
198
4453
4537
5755
3497
5037
4619
5789
2659
4546
3554
5173
2684
5780
5043
5148
5086
5680
5772
4601
1800
4522
3691
4327
4977
5540
4973
4257
3765
2881
3670
3219
324
4432
4689
5385
5919
3324
2346
3770
4857
3697
2752
3389
5211
4175
2177
5438
5296
4391
5337
3070
5406
5246
4084
2662
4098
5722
2740
4248
5476
5460
3041
2933
5402
3489
5727
3862
918
3071
5411
5435
5454
5553
5529
2854
2721
5212
5213
4401
5631
5222
757
3982
2843
5662
1167
2859
5318
5586
2698
5684
5279
4314
813
4025
5298
1424
8
5140
1484
2663
4703
4606
3749
4652
2176
3827
1958
5921
5918
4945
5880
4772
5866
5928
3821
2054
6004
4629
4853
4962
5795
5910
5846
4957
4637
4954
4540
4929
5247
4658
5257
4989
5611
4653
5625
5843
5206
5844
2402
5850
4395
5870
2371
5621
5230
3630
2837
3997
5608
1489
4524
2863
5276
2075
4833
4162
4832
5446
5467
5471
4221
5475
2994
4123
2980
5486
5362
1333
5355
4258
5963
5505
874
3696
3240
2923
5926
4038
4298
2742
3317
5908
5837
3345
5811
2555
5806
5669
5668
5782
4561
1758
3891
4615
1603
3465
2493
5689
5084
3882
4459
4543
3584
5796
5029
3183
5288
4678
2585
5497
4464
805
3418
4770
4955
5365
5767
2336
3664
5569
5968
4544
5270
4626
5911
5533
4270
5776
5142
5076
2929
2917
4287
5338
5077
4721
4288
4261
2970
4931
5957
2550
2941
5552
3700
4035
4899
2206
5915
5783
1881
5061
2108
3387
2702
5469
5461
3563
5004
5828
3040
3565
4819
4356
3616
3614
5635
5020
3856
5405
3813
5848
1514
5744
3150
5474
3522
2588
5685
3920
4542
2362
4796
3633
2571
3412
3015
5428
4454
4167
6021
6026
5519
4186
4067
6027
4851
5754
6035
1244
4763
5993
5984
5971
3869
2999
5366
5473
2013
5967
4903
5999
4552
3733
6005
4181
5452
6013
4265
5308
4744
3435
4009
5277
2490
3338
4684
3763
4670
5326
4993
5797
1149
5876
4588
5873
5620
3971
5860
5853
4397
5825
4412
5639
3950
5833
2749
3600
5650
2312
4177
4953
4276
5924
5196
5144
5923
5703
1466
3282
5934
5565
5778
5153
2918
4699
5939
5709
3372
5627
4082
6008
6011
4849
5756
5821
3516
5713
5930
5953
5654
5952
3801
5512
5666
5465
5542
5746
3443
5571
1043
3167
5588
5891
5889
5593
3307
5987
5599
5728
5729
3986
5773
5761
3923
3857
5613
5464
4139
5594
4847
4625
5010
5404
5087
5118
2615
4466
1719
4645
165
5126
4292
5129
5377
4230
4964
2870
4341
1390
4858
4754
5418
4548
1528
909
4935
1348
4711
1809
3064
1698
5291
5018
2556
4430
3397
5931
4680
4053
5332
5333
4514
4671
5124
5737
4360
5273
4503
3875
5752
5012
3933
965
3732
4714
4308
3928
5655
4900
2715
2699
5674
5570
4944
4312
4947
5157
3470
694
5289
5978
4313
5699
5701
4044
2570
5195
5929
5902
5278
4087
1959
5392
5030
6014
4373
4596
2112
5807
5869
3073
4598
5048
4143
5458
4916
6020
5819
1303
4859
5944
6024
3576
4740
3049
4835
5439
1808
5057
3830
3534
2965
3200
3796
3316
5770
5491
1007
180
2813
5487
3978
6012
5886
4572
5790
5024
3010
4827
4225
5245
4837
3808
5949
5933
344
5942
5622
5197
2824
5626
5932
2763
4407
4676
3932
3530
3533
3769
5788
5881
4578
1755
3646
5874
4594
5815
5817
4643
3811
1034
3802
5858
3604
5085
4551
5664
666
2708
1948
5683
5152
5698
5702
5704
3892
3887
5712
5138
1638
1891
5420
5743
2604
2579
5610
5851
5581
5314
5518
5549
4822
4790
5327
5283
469
5564
1182
3105
4046
5538
4150
4148
5396
5546
4133
3194
4745
4888
4088
3996
2114
4172
5250
3235
4246
4868
4844
4876
5088
3906
5904
4529
5146
6002
5982
2379
5156
5705
5313
5545
5388
3846
3513
3894
4688
5996
5980
6006
5531
2360
5372
5991
5740
5779
4122
5989
5735
4566
5784
5785
4512
5893
2652
4553
5988
1740
4112
5346
5792
5530
6009
5393
6001
3994
5186
5925
5432
5862
5036
5826
2414
6025
3044
5649
5648
5274
4153
5585
5831
5642
2861
4420
2860
5835
4337
5936
4737
3998
3966
6031
3091
2697
5302
5602
5601
4032
5165
5603
5670
5966
5178
4713
5868
3737
5241
3926
4915
5041
5950
5849
5424
4873
5854
5840
5488
