379
202
64
58
167
754
638
497
74
39
244
147
999
432
416
592
446
78
879
679
1500
614
791
1292
615
571
242
1263
289
257
1005
323
277
1998
157
384
1130
811
476
304
3
1943
466
644
702
378
1396
55
1171
743
90
1366
509
547
890
471
1228
1892
2340
2807
1192
2213
1847
939
369
1421
48
179
29
84
2034
1252
172
524
532
440
321
654
285
47
826
105
10
707
141
296
413
228
673
655
253
183
519
134
1038
506
401
665
1049
1246
1442
1328
904
191
604
749
629
646
366
478
458
674
1537
627
1299
2375
1153
250
429
621
388
407
38
776
982
1160
810
152
130
132
206
1595
545
650
245
647
178
171
1190
721
224
1703
626
1141
972
1594
3256
428
2
1023
980
373
2050
520
386
316
587
2063
1944
1505
910
853
2016
108
817
117
729
1
221
772
345
1265
1524
1225
173
882
96
1533
1839
2382
1775
194
1726
1530
2000
300
1814
610
602
263
1900
1485
612
278
1663
2638
2086
577
643
716
148
1184
1239
2232
1129
867
1402
1535
449
1548
1297
947
43
405
2552
3184
127
77
1835
91
897
414
146
382
1657
1279
395
1642
36
1276
1408
1607
801
231
1810
1406
2451
632
1616
1972
1501
1816
1455
2106
1667
814
158
2237
4289
73
25
1722
484
188
1879
1628
768
3281
997
63
2132
204
1078
238
124
2032
233
456
578
332
7
1902
2578
1762
479
1394
2092
1526
1224
169
488
518
1627
1145
2432
410
2725
789
470
1623
423
1397
1430
877
94
2227
919
1073
1234
1091
546
949
