5363
5026
5856
4597
4240
6007
3143
6016
4138
6015
3620
6018
4829
2483
5816
5801
5472
640
5448
5864
4222
5379
4664
5791
1312
5069
3104
5609
3867
5580
5697
5900
5255
5317
978
5534
3457
5149
5981
2141
5226
5155
3394
5560
5940
1003
5176
5162
2029
4733
5916
154
2168
3313
5720
5985
5521
3848
5757
5348
3499
5994
5575
5341
5614
5742
4367
5568
5584
5597
5736
5734
3863
3491
3402
5517
5726
5254
5169
6000
5935
5937
4766
6033
6034
5855
6037
5943
5011
3755
5912
5958
5901
4673
5992
4974
4804
5896
4980
4668
5897
5983
4681
4901
4994
4690
5977
4698
5888
2294
4709
5969
4834
5421
5731
5616
5478
5494
5182
5359
5070
5262
1715
5097
5753
4311
5510
5678
5739
4023
5514
3872
5681
5717
5297
3241
3883
217
4305
4047
52
4245
5612
5416
4200
5415
4151
5820
5803
5814
3400
5451
3093
5808
4358
4145
1305
5804
5624
5658
1801
4374
5300
4026
2172
4635
5947
5293
5282
2847
1496
3734
5335
4299
2982
5426
6030
3119
4152
6023
6022
5399
4218
3142
5387
6003
5535
5358
4094
5349
5502
5636
5513
5515
5334
5523
3280
2767
4639
4415
5679
5913
4950
3441
5135
4494
4501
1658
5892
5890
5786
5793
4582
1851
310
5809
27
2394
5040
5859
5857
5021
5164
5714
6039
4448
5656
1601
4439
5646
2251
6028
4920
6038
5598
4930
3713
5220
2256
5065
1331
5481
5617
5381
4211
5433
6017
3122
4600
4612
4761
4904
2537
4895
5548
5544
3283
5551
4043
5691
5632
5975
2692
5906
5676
5143
6029
5842
1010
5970
6036
4182
5003
5909
5861
5976
4942
5179
4654
5986
5310
5998
5347
5960
4631
2821
4788
5959
5748
5875
5647
3972
3422
3750
3833
6010
5306
5131
2359
5872
4362
5121
