173
104
345
8
383
217
263
172
366
661
25
93
234
333
648
389
437
1075
405
495
227
959
78
740
106
818
884
390
262
734
1107
20
220
153
417
764
831
72
192
138
274
522
218
412
324
744
1679
32
720
343
348
373
323
362
1300
894
338
898
5
457
971
1132
587
198
444
27
1423
51
542
1505
284
313
494
1106
1111
561
603
287
23
367
616
409
682
935
537
327
391
468
129
81
850
1419
910
1129
301
461
115
997
1052
501
1432
31
459
668
379
1038
1554
1144
165
396
311
618
1656
244
1158
863
1056
881
1062
1472
112
886
666
296
354
428
674
538
63
829
1063
1154
463
411
500
1133
1337
673
1550
667
85
1555
1910
3110
424
855
2203
717
635
1209
376
184
638
1108
1000
1217
359
429
1025
689
42
912
1460
65
95
418
467
226
34
1088
506
1212
1481
2968
767
795
2422
402
848
571
356
283
2009
321
512
1509
526
404
519
1161
143
155
1500
1961
79
131
111
60
357
655
527
722
1093
236
306
554
54
889
156
16
1393
1183
341
742
1408
1585
1607
1083
1230
408
1029
237
1416
1297
480
624
922
1232
1694
1123
434
642
690
1457
656
197
804
1448
1642
213
458
1531
2013
28
120
157
800
1102
401
602
1579
748
1726
2057
719
2090
2960
1
597
71
295
394
726
650
180
588
1100
1568
1313
55
174
999
2050
873
1253
1272
1185
1567
1101
171
636
949
1090
2122
763
1036
1690
1975
1099
17
659
1610
557
606
811
900
1068
498
1095
599
1422
22
59
1014
1651
2112
277
1194
1617
1828
2967
297
454
535
693
1484
1155
590
2036
472
117
146
393
820
2831
1504
1556
1588
646
149
702
1442
1699
1666
460
972
163
387
543
964
1325
19
518
546
877
1039
1659
2428
371
1115
903
601
794
796
837
981
68
90
216
415
455
613
1376
2047
2098
716
435
834
1375
113
41
259
925
1236
1445
1256
2454
239
556
75
530
1077
1684
249
273
1091
1647
425
774
641
1654
1715
2073
604
812
845
1522
1612
2350
298
496
1619
15
64
82
128
1878
347
950
1471
310
1967
2406
2458
1840
245
901
1193
1775
1860
178
221
524
909
1149
1254
1364
2437
2746
3010
563
320
1308
1851
1497
703
729
150
1443
1797
83
704
747
801
1005
1046
1917
727
1365
233
769
1413
1447
84
100
443
3883
1293
10
243
363
974
1921
2205
3149
49
784
1226
56
162
610
743
1066
1361
1180
2413
875
199
1452
1655
18
299
621
1344
2369
1058
1856
1142
420
462
888
282
292
544
626
1179
123
456
505
885
930
2878
137
448
2213
141
2404
1866
108
830
136
589
1706
1814
1931
3501
261
279
1176
1503
1643
1839
2056
2223
2421
2453
2612
2753
2881
3214
2482
2010
88
1172
395
1288
1846
7
139
271
305
477
483
1022
1652
1999
2207
266
757
2082
203
211
1206
1454
2173
2460
3001
706
565
1259
1255
1517
617
691
1200
1303
1476
1969
2308
2503
3134
3298
432
151
1248
1263
1465
1727
2197
3063
1184
2363
985
3780
534
170
315
346
584
962
1418
1446
1770
2165
2244
3115
1103
1730
2543
3757
161
319
586
984
1032
1328
1722
1783
1870
2255
2289
2821
579
3101
718
1076
1013
1409
2212
598
1676
3239
1616
843
987
1426
1671
2181
187
489
647
1228
1264
1475
1541
2398
3363
189
286
694
731
1928
125
1939
2062
3035
159
756
938
1721
2870
799
883
918
1031
1606
1868
1985
3684
2074
1270
1478
1922
410
427
3094
995
290
698
57
147
365
466
856
1625
2064
2256
2297
3180
1960
76
445
866
1532
1627
1843
2034
2722
1468
399
640
2438
9
2396
507
2224
660
1241
1374
1796
175
1397
33
783
1292
94
188
592
632
1021
1597
1915
2581
2729
2893
3127
3580
1855
575
1309
109
488
2276
3956
1431
288
670
904
1395
1444
1872
1900
2759
2943
3335
1701
92
145
932
958
1242
1257
1282
1950
2373
2839
715
419
1936
2417
940
944
1473
2372
360
1110
2374
2909
906
275
285
553
807
1459
2155
2277
2478
1030
52
330
897
975
1688
1932
2258
2461
2496
2526
242
2770
994
1089
1600
1890
2167
989
152
368
2394
1817
3789
2101
529
569
1387
1469
1753
2243
3477
98
133
235
574
713
1152
1611
2060
361
452
1015
1779
1874
1320
2809
4702
1668
2990
3690
224
375
1929
1992
3599
1078
539
1461
2716
300
474
2037
3193
765
3067
258
1405
1525
3700
86
643
835
1641
1789
2697
803
62
268
685
809
849
1980
2610
2891
3181
2534
3228
952
1135
1240
1323
1403
1565
1591
1604
1757
1911
2357
2418
2814
2908
3271
1634
195
329
623
1330
1664
1731
1689
1436
2387
223
532
917
1051
1224
1487
2947
334
2731
1451
3370
1168
619
2111
204
936
2393
2425
280
1514
1665
46
61
509
778
1615
2935
3273
4504
941
4
482
3028
388
3143
1234
2917
30
1204
2763
1034
1334
3391
355
1064
2133
2339
2385
1060
101
207
219
578
634
1057
1126
1382
1391
1482
1644
1714
1812
2038
2176
2183
2300
3510
3604
1646
2998
2254
961
2934
503
851
1384
2592
2797
838
2349
3312
3418
625
1788
520
996
1548
2017
2269
2876
3381
5029
118
169
215
416
568
755
988
1639
1711
1795
2527
3607
3608
3637
1150
777
2379
833
965
3422
3866
1787
511
1070
1838
2368
1718
2003
3360
2279
2249
1513
1800
3547
1845
1271
1372
2006
3562
3584
47
385
469
479
517
773
821
945
1104
1331
1574
1620
1830
2079
2169
2185
2448
3122
3174
3373
3952
4170
491
899
1316
1696
1790
2963
3351
3669
3339
741
1370
1906
2900
3557
1740
2766
497
352
438
4175
2888
1127
513
762
12
194
1096
1327
1983
3092
2593
58
484
605
609
681
908
1311
1624
1865
2081
2144
2522
2589
2707
2848
2905
3138
3285
3949
1629
707
1613
1636
1667
2376
2940
3254
1082
679
246
978
1124
1420
1534
2240
2361
1622
2130
2235
340
819
2822
2288
1523
3702
714
1006
1573
2052
2072
4451
4981
627
1128
89
124
158
1055
1094
1140
1198
1417
1710
2924
2958
369
382
426
1430
2189
4592
2611
1805
70
528
1105
1561
2365
620
929
1197
1653
1824
2549
486
1595
1680
3736
654
2076
2126
980
2336
2961
3838
4824
2769
3602
11
281
853
1085
1353
1507
1546
1602
1997
2159
3016
3086
3104
3682
3747
3963
4307
4324
4353
449
493
1434
2335
3708
4050
3005
2032
36
44
121
735
797
923
1210
1752
2148
2397
2788
3034
3241
3425
3721
3970
861
1233
1389
1685
1708
3175
3529
5812
577
792
1050
3893
1894
3288
1369
168
805
1221
1247
1672
1854
2261
2275
2655
2718
2901
3561
3730
3742
3767
775
1004
1260
1529
1645
1742
1762
1808
1848
1990
2259
2949
3064
3369
3383
3409
728
739
1502
1993
3011
3307
5460
5791
1162
1371
1542
2340
3158
3835
272
2089
202
788
887
948
1545
1663
1719
2462
3461
3715
122
451
732
1506
1594
2070
2188
2565
3907
4563
2087
2874
1449
562
1336
2012
1002
2672
255
669
1570
2053
1833
555
652
322
3671
413
80
658
874
931
1536
1819
2110
2229
2637
2780
3731
5092
946
126
314
776
956
1163
1199
1357
1380
1605
1698
1784
1905
1949
2026
2262
2467
2638
2849
3103
3177
3315
3431
3468
4124
4130
4160
4377
4807
5263
3
1028
191
1341
1743
2109
2785
4125
1658
2516
4102
335
920
2658
2827
3090
3246
440
1059
1674
1832
2436
3220
3287
3451
4065
2921
725
45
252
1806
1956
1280
1399
3059
701
1835
40
699
705
911
1631
2571
2619
2699
2971
2988
3154
39
572
836
852
943
1235
1326
1495
1526
1697
1981
2519
3357
3507
3981
4790
770
1841
2375
2402
2512
3737
4646
969
1181
1592
2639
238
541
1012
1429
2521
3201
3297
4243
5910
232
622
1250
1349
1437
2813
3593
3851
3898
3263
4181
316
1918
3153
5081
307
2040
4327
1533
4536
1342
1358
4402
69
1516
1912
2459
485
1035
1086
1660
2252
2442
2476
2778
2941
2999
4611
43
248
270
559
570
644
752
1041
1054
1097
1279
1281
1339
1412
1440
1576
1724
2420
2449
2781
2937
3079
3169
3361
3454
4531
5264
5420
631
1301
2582
3155
3187
3247
3272
3437
4128
4308
1146
2333
2472
3825
4071
1916
665
780
3076
4942
431
708
967
992
1001
1333
1508
2011
2194
2390
2452
2674
3620
4902
5734
1558
1638
2896
3456
3596
3812
4519
1885
4278
2121
2257
1734
2020
4406
1951
3666
749
4251
2872
3399
857
521
2597
3946
1709
1191
450
3296
2922
2356
645
1520
1756
2344
2652
3009
3536
3820
2489
583
684
733
798
1061
1117
1318
1363
1415
1524
1527
1549
1733
2323
2518
2760
2762
2920
2964
3293
3891
4246
5155
5178
5421
4396
130
186
832
1019
1109
1351
1903
1978
2043
2226
2324
2628
3184
3233
3365
3481
3765
4545
4659
5037
785
132
1807
2660
2928
6151
96
208
758
1877
2199
2509
2514
2532
3144
3722
3896
4189
4352
5744
13
951
1455
1713
1995
2382
3164
3429
3739
4739
607
142
709
1433
2107
2786
2796
4112
5188
3156
1042
5434
3465
2084
3182
1879
4594
1305
3793
5179
0
596
868
878
2227
2282
2497
3198
4490
4904
1122
210
331
552
664
696
872
970
1388
1769
1793
1880
1998
2136
2281
2286
2686
2721
2790
2907
3252
3344
3358
3424
3474
3544
3611
3707
3806
3859
3860
4106
4266
4389
4898
4906
4944
1252
1009
1033
2355
2744
3168
3367
3775
3841
4958
5606
1584
2737
1274
1321
2862
5150
983
1018
1692
1760
2498
3259
3795
3955
4095
4262
4771
433
464
1466
2069
2331
2433
2661
2944
3325
3530
5325
2441
4812
2354
471
3281
293
309
1174
2030
3691
2986
196
392
536
966
1295
1661
1991
2742
3289
3704
2479
1810
2551
3197
2044
1381
1712
2723
3850
2161
6228
3550
1192
3442
4821
3080
991
2113
3778
