347
2073
116
2271
1156
821
1480
880
877
98
3115
1980
1383
485
955
952
2131
2457
320
2904
170
2971
3897
2055
1619
1112
1615
1528
551
3213
1657
1094
685
3332
1756
482
1413
1049
1244
3220
443
3611
1361
1569
1269
215
83
800
2358
2356
198
3044
2177
147
2601
2022
2021
2226
826
2602
2190
912
3632
1897
2076
3020
841
2518
709
2575
1822
615
58
65
2387
25
2136
381
2141
2172
462
2187
839
1562
1137
1134
2200
837
2213
139
1257
1350
36
2485
55
760
2469
2741
780
644
4198
2706
3287
1428
93
2818
1185
2832
815
2258
1582
399
2220
708
451
1950
4123
911
3961
330
1751
341
3081
1863
4423
1015
1078
3958
1968
1079
557
1069
1024
2093
1948
3040
3686
634
2810
488
1919
1276
965
3633
1907
491
1606
568
1291
1790
1249
447
1346
45
717
759
2484
795
1016
265
3211
1833
1755
255
2284
781
1453
3579
1953
3841
1145
1138
2160
2153
2689
2148
181
848
37
605
1636
1107
2092
2559
172
845
900
24
1299
1326
947
2555
842
121
1456
3382
2263
3608
822
1482
667
1697
2954
1695
3097
670
666
1037
3300
713
716
4620
976
924
3397
902
858
1108
1109
610
3310
1125
614
1154
3547
836
624
1166
640
796
966
338
315
1775
137
2856
266
3628
2227
271
3031
2845
2243
3984
2245
2843
333
3053
122
301
2277
2304
105
2333
2348
2075
91
1707
3011
1880
1895
138
2048
2036
2915
195
2087
175
2944
3645
2015
169
4032
1981
2100
1970
2974
1958
232
3638
2984
2102
2104
4036
2199
82
2049
2729
4097
417
379
1512
51
1510
385
1386
1390
49
2557
26
423
1442
1401
410
1410
1436
375
1419
64
355
2663
1659
2413
2619
2425
1544
1627
454
2747
2744
3568
1564
844
2095
2084
2707
2528
703
4137
2630
2710
2644
2382
2488
2124
2450
799
2784
2791
2419
2345
2339
2273
2449
816
2851
2134
753
749
2855
2860
2769
835
719
2498
2717
1283
1918
2925
4489
1148
1515
1136
1533
3306
1565
3134
3955
1639
1656
1675
1678
1683
1686
1704
1155
1486
3871
1463
1328
3226
1260
1258
3224
3209
3262
1241
3199
1393
1227
1414
1441
3290
3927
3079
1063
3400
3019
980
2994
1917
974
971
1316
1924
926
1982
2955
918
2004
903
2943
2938
1846
1002
3073
3350
1061
1721
1053
3976
1748
3060
1758
1764
1773
1779
1033
1806
1020
3864
3027
689
0
367
669
661
204
527
471
472
228
3557
3666
374
515
3763
478
479
408
600
46
3655
645
111
382
493
300
184
620
304
351
114
436
543
2
3643
437
216
3298
1159
1940
505
2502
510
882
4223
323
1042
2813
189
2509
1946
1147
597
1013
1011
2315
1700
898
1141
1699
1044
3414
3676
211
2529
180
3978
1200
2374
1497
833
1026
2281
1025
1193
613
1191
4619
1188
2288
1023
1726
503
2066
4230
1718
1998
2514
2780
190
2962
2403
1103
1559
545
1096
1095
3139
1568
342
1966
2946
1984
1572
1575
3324
2018
1080
78
2970
3749
3792
1066
360
4182
2418
3113
77
60
1988
517
1556
191
2480
2479
1687
1046
1993
916
917
1684
1682
1541
368
241
2334
1004
4479
930
2735
1113
934
2464
3384
336
565
941
678
3291
1205
243
15
2850
1890
3827
1397
722
1329
12
141
3472
1448
145
2992
155
1421
1286
483
3451
433
2591
3667
3234
1789
765
715
4256
1320
3182
1437
2586
262
3003
1278
776
720
3624
1451
648
487
735
2186
468
1294
3671
2611
1912
1808
1864
3241
441
4732
820
2876
2911
1848
1301
1418
728
1272
3187
747
4713
1289
1339
726
3171
3806
2877
450
125
2182
11
2565
2792
3135
1584
363
1093
3561
1581
3322
3533
3237
2948
1567
2359
3736
4527
1376
4275
2180
1043
3570
1372
151
1040
552
2166
212
84
2167
1034
3216
547
3916
2006
2195
1586
2013
539
3563
3918
1590
2361
2158
1593
2008
2365
4463
4072
1051
420
3558
3595
1514
112
4501
2296
2246
3176
1170
3582
2306
1180
3153
4585
2815
2240
1520
4294
3784
2376
1507
2115
398
1487
2918
2269
1483
1481
3286
1217
2261
2067
2283
2840
2285
1223
1186
4242
3885
2310
1253
2945
3249
520
3309
2330
1281
3146
3925
3889
1552
4556
3539
159
3537
3535
1415
203
1411
160
2043
3881
1433
3296
1259
1523
513
3678
2231
1524
2893
4324
2319
131
4483
1270
2325
192
1273
213
2778
1029
2985
42
2522
3423
603
847
2524
3722
609
31
616
1925
2567
3064
240
2544
628
3755
4143
1908
1765
804
2566
4092
3974
1724
2513
3696
4660
3398
895
2492
2724
2495
47
887
881
878
1942
3971
873
3410
2507
3843
2979
2715
1716
862
3833
4139
3509
3004
1810
732
4406
730
1883
1878
3489
3486
9
1873
701
2692
1869
258
3814
3817
1836
1838
675
3005
688
1859
276
1805
1887
2671
1767
647
17
1774
1901
4101
653
3047
285
2587
2681
2595
761
2998
3625
3458
2600
657
1889
750
3460
2487
1359
1972
2750
1954
1010
986
1009
1633
940
578
3639
564
2975
1969
963
1629
1666
1663
63
2772
1992
2448
340
2442
354
3513
3768
1653
1967
3373
2395
2399
3090
3640
923
925
4462
4434
1648
3854
1688
2781
4162
3605
346
920
2779
1971
4843
4194
3387
3089
2751
3388
349
1611
2999
157
2969
1787
3575
275
3117
1634
4517
1795
284
4452
3185
277
2128
283
1803
278
1587
1797
282
3129
2966
352
4341
4449
4382
3112
3151
3128
2144
4009
2159
1870
1614
2162
1997
4457
1360
1837
1604
1373
1839
4274
1370
2000
3212
4394
256
1845
3996
1858
3024
428
1384
3107
1404
2146
3032
1402
1400
1816
247
4043
1879
424
2156
269
425
426
4386
3991
4399
154
2155
427
3029
1768
1435
1956
201
1717
383
1936
313
2923
3091
4361
2939
2028
1551
1959
4488
1728
1503
1729
4492
3098
3070
3596
2929
3143
3746
1681
3965
329
230
2052
3963
1535
2045
2042
1701
4365
1517
322
321
1680
3609
4438
2937
1549
188
3076
1929
182
1899
1690
4337
3743
3741
3174
3930
3583
404
362
1580
1450
1471
3177
3051
4000
290
3622
2949
2118
3656
1900
168
171
237
1750
1658
1741
1915
390
4026
3744
1488
3588
4028
3059
173
1914
3058
3933
1909
1762
3055
1477
174
1574
4430
2853
253
1128
29
2549
1124
4215
1119
3311
3730
4067
522
1111
3316
626
524
1105
1104
3318
2798
2542
102
2341
1097
528
4752
1090
1087
2344
3873
2704
2350
3877
4594
4733
2324
2581
3494
497
4057
786
787
2825
16
2291
789
1175
3718
1171
2570
3836
1167
4584
1163
2307
4141
3390
3299
3544
3878
2809
2560
20
1135
3304
1077
2793
1202
3518
73
3405
574
4737
2497
4176
2726
596
901
4172
54
956
954
2447
4158
949
2728
4170
581
62
4168
2740
2731
3693
933
2465
2468
2734
588
2504
874
4204
2414
1071
89
3869
2790
1064
3866
2366
3427
40
2369
3528
3526
86
3340
4197
556
1022
2385
3522
855
2391
3351
3354
3355
857
4633
2767
2405
3413
3888
808
1206
136
1308
3476
2203
2657
1303
672
671
710
2665
712
665
140
1285
2849
777
2620
2222
2618
724
3256
725
1854
3467
3821
481
1256
467
2866
3779
1318
4273
1357
4272
2174
3218
4046
2176
1349
3222
3223
680
2870
1340
2185
1334
2188
3816
2869
3230
460
2650
2645
2196
3482
687
739
919
3900
3263
3668
3555
1240
745
4246
4240
2841
751
2684
2593
2253
2252
762
2674
1231
758
2680
2265
2672
2582
115
1212
119
2846
1246
4575
1247
2607
2583
4236
1250
1941
2501
2500
2997
2505
1896
1867
4134
3
2654
4003
231
4155
4154
2640
2714
4088
242
2594
4837
4362
229
1949
1860
4112
4160
2477
2574
2995
4135
3705
4100
2486
1947
252
2722
2647
1952
2517
2608
1893
2535
1876
2536
3002
2617
2989
2548
2537
2538
1923
4120
238
4384
1921
1882
2988
2547
2615
2667
30
2545
2668
4121
1916
2669
4094
2987
2705
2638
236
2982
3697
2983
1892
2670
2676
1933
4115
2519
4381
2659
41
4371
4387
2628
2626
2991
4150
3706
2990
3701
2666
3637
2533
2553
2621
2874
2471
4296
2249
4304
2099
166
2844
2901
3670
4298
2899
2852
2244
2241
2112
2113
2847
2116
2117
130
2251
2842
2909
2090
2823
2292
2922
2287
4316
185
2826
2921
2279
2830
2079
2274
2272
2836
177
2837
4305
2896
4290
2470
2151
2143
4282
142
2202
2883
143
2198
4280
2152
2232
4262
4264
2868
2189
2184
4266
2163
2872
4283
2884
2861
4259
2123
161
2229
2894
2225
134
2889
2219
2218
2132
2217
2887
2212
2211
4039
2210
2139
2299
186
2062
2763
2757
1978
2421
1979
2416
2759
2410
4185
1983
4225
2406
2765
4078
1987
2963
1990
1991
2775
2426
4352
4080
4178
57
2738
2461
1957
4169
226
2973
1963
222
2452
3691
4082
2443
2439
2437
2434
2433
2776
2386
2959
2027
2033
4331
2799
2039
2802
2040
4065
4021
4325
4217
3648
4323
4063
2808
4320
4224
2928
4018
202
2169
4210
2786
2787
2007
2364
2363
2362
2010
2951
87
88
4206
4071
96
4070
2346
207
3683
2378
3096
1229
500
509
1160
1161
1165
1168
4583
3292
1173
1174
1176
4579
1181
1182
4577
4765
1140
1195
3283
1210
3554
3277
3276
1216
1219
1221
1224
3271
1226
492
1230
1143
4757
4516
1075
4624
1035
553
546
1054
1055
3336
542
3333
3529
540
3868
1068
3329
532
3542
3872
1084
531
3321
1091
3874
1101
3876
1120
1121
3788
3308
3541
3305
490
1237
1238
3207
1342
3569
1344
448
1352
442
3776
3574
438
3215
1367
435
434
1375
3206
3901
430
3200
422
3197
3919
421
1403
418
416
3924
1425
1426
415
414
3225
3565
1333
3228
4769
3902
3556
1251
1252
4560
480
3904
1266
3255
476
1271
1279
3252
1282
3250
3248
4770
1293
3245
4772
1305
3239
1313
1315
3912
1323
1324
1330
3342
1021
560
3434
778
651
650
783
3808
3446
4697
4696
3445
3440
3834
641
632
3435
3433
3801
4688
3499
3804
819
3501
623
827
831
832
619
4734
840
3503
3426
774
772
770
3454
3815
682
684
674
695
704
705
3471
3470
714
3810
3492
731
4708
737
738
740
742
3462
746
4705
754
4704
656
655
3826
766
767
3455
3802
852
1014
573
950
4650
3512
3852
958
961
3372
4644
577
3371
968
576
970
4643
3368
3421
3516
3363
4637
987
3362
989
3519
991
4636
993
3360
3357
997
3795
948
3378
942
582
854
856
3506
859
601
3419
4676
3417
872
876
599
3407
3403
889
3401
892
4662
594
904
907
591
3395
3510
3848
586
4741
583
931
935
1432
1325
3576
1560
1759
3144
298
303
1753
305
306
1554
1555
1558
3756
1561
1509
366
1743
1739
4472
3977
1571
1573
3759
3975
1577
1731
297
1542
1761
3620
4487
3155
378
3938
1519
4484
377
3590
3049
3152
1529
1531
3592
1777
369
1536
3939
292
1539
3050
3147
295
1654
361
4469
3948
1622
1696
3084
3086
331
3604
1630
335
3093
3767
3110
1670
3094
3109
1668
1667
679
3104
1662
4802
1651
3100
339
3765
1623
1620
4467
357
1723
3613
1720
3131
3130
1596
1598
1600
3127
316
3973
1605
3124
317
4459
3077
3122
358
1616
1708
1617
3121
1703
4415
3099
3173
3629
3015
389
402
3161
1832
3023
4499
3017
1474
1812
3034
391
3033
3036
3934
3932
3165
3753
3026
3178
3164
4503
1824
1821
267
1452
1445
1495
1460
3581
4414
1506
1465
1793
388
1439
3994
3577
3159
1467
3774
1499
3585
257
4502
3021
3169
1498
1444
4109
2723
3724
2660
4005
3992
3488
3394
4004
3847
3708
3396
3798
2661
2725
2727
3799
3075
2662
3631
3723
3634
3008
3988
3762
3479
3602
2655
4083
3478
3725
3483
4110
3853
3374
3377
3095
2746
3690
2749
2972
3009
3010
2652
2742
3477
2732
2736
2733
3819
3392
3391
3389
3082
3818
3469
3849
3379
3709
3385
2658
3381
2739
3016
2656
3380
3085
3409
3707
3428
3719
2698
3999
3453
2699
3621
3035
3000
4096
2683
3054
3432
2682
3998
3431
3803
2703
2697
2686
3436
3038
3043
3635
3807
3444
3497
3443
3989
3985
2696
3754
2693
3703
4102
3626
3037
3452
3430
3457
3846
2677
3067
3464
3842
3416
2716
3411
3630
3449
3465
3071
2718
3408
3022
3406
3006
3468
3612
2986
2712
3758
2709
3030
3824
3028
3720
3721
3980
3752
2673
3461
3616
3838
3809
3839
3840
3979
3063
4095
3794
2752
2920
2848
3260
2924
3259
3257
3157
3158
3254
3253
2857
3665
3251
4058
4049
2859
2919
3935
3907
3780
3243
3242
2863
2864
3240
2926
4025
3264
3669
3887
4019
3553
3280
4056
3891
3278
3674
3941
2833
4055
3892
3673
2838
3274
4052
3593
3893
3995
2931
3898
3899
3266
4027
3235
3650
3205
3917
3203
4044
3202
4035
3198
2897
3929
3921
3194
3193
3192
3740
3191
3190
4040
3922
3923
2888
2890
2891
3183
3926
2878
3658
3911
3773
2914
2867
3771
3564
3772
3229
4030
3663
3227
3566
3168
2907
3662
3571
3777
3931
3217
3739
4033
3172
3214
3742
2903
3781
3944
2753
3345
3356
2771
3352
2774
3348
3521
2964
2777
3687
4037
3347
3685
3734
3524
3865
3953
4074
3341
3525
3339
2785
3338
3337
2961
2770
2965
3118
3856
3514
3689
3370
2755
2756
3367
3797
3726
3365
2758
3364
3957
3108
2760
2761
4006
4079
3111
3641
2764
3598
3751
2766
3867
2789
3123
3679
3301
3787
3297
4061
3594
3883
3945
2816
3783
2817
2942
2819
2820
4060
3141
3142
3646
3647
2824
3550
3782
3288
2936
2811
3731
4012
3303
3951
3870
3531
3791
3950
3534
3325
3728
4014
4069
3319
4068
3315
3314
3313
2950
2803
2804
3137
3946
2947
4064
3543
3012
1857
4111
1264
4559
1245
4563
1242
1239
4566
4567
1233
4568
1220
1218
1209
1208
1207
1201
1199
1198
1196
1194
1187
1183
1178
1153
1262
1265
944
1267
1363
4536
1351
1348
1347
1343
4538
4539
1331
1327
4547
1314
1311
1307
4552
1298
1290
1288
1287
1284
4555
1275
4557
1152
1151
1150
1149
1019
1018
1017
4627
1006
1003
4631
996
994
988
4638
4639
4642
977
975
973
967
4646
4647
959
4649
953
946
1028
1036
1050
1102
1142
1133
1129
4596
4598
1118
1117
4601
1115
4604
1100
1058
4605
1089
1085
4610
4612
1072
1065
1062
1060
1059
1365
4534
1368
4476
1637
4450
1632
1631
4451
1621
4456
1609
1608
1603
1602
1601
1599
1595
1594
1592
4468
1588
4470
1579
1576
1566
1563
1638
4448
1643
1676
1709
1706
1702
1698
1694
4432
4433
1691
1685
1677
1673
1645
1672
1671
4441
1664
4442
1655
1652
4444
1647
1646
4474
4477
1369
1547
4515
2648
1429
1424
1423
1422
1420
1417
1416
4523
1405
4526
1392
4529
1389
1387
4532
1380
4533
1378
1377
1374
1371
4508
1457
1461
1508
1546
1543
4481
1538
4482
1530
1526
1518
1516
1513
1505
1464
4491
1494
1493
4493
1489
1479
4498
1470
1469
1466
945
943
4431
4799
343
4803
4806
325
4810
319
314
312
310
4814
4815
307
4816
289
288
4827
4828
272
259
4834
250
4841
239
4800
372
939
373
508
507
4762
502
496
495
489
484
475
474
4774
464
463
461
455
453
446
445
407
403
397
4793
376
235
227
214
210
109
104
100
81
80
79
75
72
68
4873
59
56
53
43
4880
35
32
28
4881
13
10
5
4
110
113
117
163
208
205
4848
194
193
179
178
167
165
164
162
123
156
4850
152
148
144
133
132
127
4861
124
4759
516
4756
757
864
4678
853
851
4681
4682
843
838
4683
4685
4687
813
4689
811
4692
801
794
790
4698
779
769
768
764
4675
867
4673
906
938
937
4653
929
922
921
915
913
910
909
905
870
896
894
891
4665
4667
885
884
4668
4670
871
763
748
519
744
4736
4739
592
590
4740
580
579
572
4744
570
566
563
562
559
555
554
549
541
538
536
534
526
523
607
608
622
4715
741
736
734
721
718
707
702
698
696
4714
681
625
677
676
663
662
658
652
4726
4730
642
630
1710
1431
1713
4237
4227
2297
2294
2293
2290
2289
2286
4231
2280
4233
2270
2235
2268
4238
2266
2264
2262
2257
2255
2247
4248
4249
4226
2302
2305
2308
4201
2367
2360
4202
2355
4203
2347
2340
4211
2337
4212
2335
2329
2327
2322
4220
2320
2318
2316
2314
2311
4252
4253
2371
2091
2126
2125
2121
2110
2109
2108
2105
4301
2096
2094
4308
1714
2086
2085
2083
2082
4311
2074
2071
2065
2064
4318
4288
2129
2130
2133
4255
4257
2223
2221
2216
2214
4260
2206
2205
4261
2201
4263
2191
4267
2175
2170
2168
4279
2147
2140
2137
4200
2372
2060
2556
2588
4132
2579
2577
2571
4138
4140
2563
4142
2558
2554
2511
2550
2546
4144
2540
4145
4147
2527
4149
4152
2520
4127
4126
2592
2596
2643
2637
2636
2635
2632
4117
2627
2625
2624
2623
4119
2614
2613
2610
4122
4124
2604
2603
2599
2598
4125
2515
2508
2377
2402
2438
2436
2435
2431
2423
2422
2415
2411
2408
2407
2400
4156
2397
4190
2394
2392
2390
2389
2383
4195
2380
2379
4174
4173
2444
2451
2503
4157
2496
2494
2493
2491
2490
2489
4159
4161
2476
2475
2474
2473
4163
4164
2463
4165
2460
2456
2454
2061
2233
4375
1874
1910
2059
1904
1902
1898
4383
1885
1884
4388
4340
1868
1866
1862
1861
3714
4389
1855
1853
4373
1913
4372
1926
2001
1995
1994
1989
1985
1977
4351
4360
1945
1944
1939
4366
1935
4370
1930
1928
1927
4391
1851
1850
1781
1778
1771
1769
1766
1763
1760
1752
1749
1747
4426
1738
4429
1733
1730
1727
1725
1719
1780
1782
1849
1784
1847
4393
1842
1840
1834
4397
1829
4402
4403
1820
1819
1818
1817
1814
1798
1796
1791
2002
3713
2020
2017
4327
4326
4338
4319
2038
2044
4322
2024
2035
4333
2029
2014
2053
2026
4641
3766
4801
4798
4031
4085
4804
4796
4795
4564
4401
3769
3764
4404
3947
4405
4029
4411
4826
4822
4410
4408
3757
4090
4807
4595
4087
3949
4812
3761
4794
4597
3770
4791
4603
4792
4034
4332
4171
4606
4773
4609
4081
4561
3937
4611
4768
4764
4175
4017
4179
4181
3785
4775
4776
3940
4786
4303
3875
4790
4789
4788
3775
4787
4785
3778
4781
4780
4779
4300
4392
4777
4167
4091
4591
4153
3732
4424
4315
4439
4581
4586
4870
4868
4422
4867
4872
4108
3733
4443
3981
4107
4105
3735
3882
4425
4578
4829
4883
3715
3716
3717
4113
4114
3968
4886
4884
4024
3962
3886
4574
4571
4118
4317
4876
4428
4427
3959
4023
4859
4146
3954
4416
4453
4589
4847
4845
3952
4842
4455
4445
4148
4836
3987
4833
4412
4831
4830
4295
3986
4569
4588
4849
4570
4857
4131
4854
4310
3737
3738
4133
3956
3982
4446
4099
4418
4309
4098
3895
4587
4761
4755
3936
3914
4059
4356
4353
4042
4350
4680
4535
4007
4677
4281
4054
3860
4674
3913
4635
4671
3844
4241
3837
4357
4686
4358
4699
4629
3828
3831
3861
4695
4229
3832
4694
4693
4041
3835
4691
4690
4632
4359
3915
4348
4669
4183
4343
4258
4548
3850
3908
4013
4276
4550
4048
4553
4243
4265
4640
4554
4047
4271
3906
3905
4045
4654
3909
4655
4278
4244
4537
3845
3855
4339
4250
4663
4251
4540
4346
4345
4543
4544
4050
4658
3910
4010
4002
4700
4701
4380
4076
3796
4385
4038
4743
4616
4193
4617
4505
4530
3800
4075
4506
4507
4735
4558
4509
4378
4745
4192
4500
4334
4613
4016
4184
3789
4753
3790
4614
4751
4292
4750
4186
4187
3793
4494
4188
4495
4746
4731
4621
4622
4520
4214
4711
4521
4710
4216
4709
4219
4626
4525
3822
4707
3862
4528
4703
4284
4221
4001
4066
4519
4729
4518
4374
4336
4625
4724
4722
3811
4205
4208
3812
4721
3813
4720
4287
3863
4718
4717
4716
4576
2446
3712
2453
2357
2354
2353
2352
2351
914
2349
2342
2338
927
2331
2328
2326
936
2321
951
2312
2309
957
2370
899
2373
2420
2445
2441
2440
2432
2430
2428
875
2424
2417
2375
2412
2409
2398
2396
2393
893
897
2381
2301
2300
2298
1000
995
2209
2207
2204
2197
2193
2192
999
2173
2228
2171
2165
2164
2161
1008
2157
2154
2149
992
2230
2295
2259
2282
960
2278
962
2276
2275
2267
964
978
2234
979
2250
2248
983
2242
2238
2237
2236
1
2455
2796
2458
2695
2694
2691
2690
2688
2687
771
773
785
788
791
1458
792
2653
2649
2646
2641
2639
2633
2700
2701
2702
2754
2794
690
693
2783
694
2773
700
2762
2748
2719
2745
2743
706
2730
711
729
733
743
798
2631
802
860
829
849
850
2526
2525
2523
2516
2512
2506
817
2499
2481
2478
2472
865
2466
868
2459
2551
2564
2622
806
2616
2612
2609
2606
2605
2597
2590
803
809
2568
2585
2584
2580
2578
2576
814
2572
2569
2145
1030
2138
2135
1736
1735
1734
1319
1322
1693
1692
1689
1332
1335
1679
1669
1336
1665
1661
1660
1650
1649
1644
1740
1742
1744
1807
1831
1254
1827
1255
1825
1815
1813
1811
1801
1306
1800
1280
1296
1792
1785
1783
1300
1304
1337
1642
1641
1501
1427
1548
1434
1540
1537
1438
1511
1504
1443
1553
1490
1478
1476
1446
1447
1475
1449
1455
1550
1412
1635
1388
1628
1625
1624
1353
1618
1356
1612
1385
1607
1557
1391
1395
1398
1399
1591
1589
1408
1409
1243
1236
1843
2041
2069
2063
2058
2056
1116
1122
2047
2046
1123
1114
1127
1130
2031
1131
2025
2023
2019
2016
2072
1110
2011
2106
1032
1041
2122
1045
2120
2114
2107
1056
1067
1098
2101
1070
2098
1073
2089
1081
2080
2078
2012
1139
1844
1891
1920
1911
1906
1905
1222
1903
1225
1894
1888
1934
1886
1881
1875
1872
1871
1856
1234
1235
1932
1214
1144
1169
2003
1999
1996
1158
1986
1162
1975
1974
1172
1937
1177
1962
1961
1960
1189
1951
1204
1943
2795
2675
2797
3343
3375
3361
3359
302
308
3358
318
3344
324
3181
3334
3331
3328
3327
326
3323
332
3317
3376
3383
3386
3393
3448
279
281
287
3442
3441
3439
3438
3437
3424
296
3418
3415
3412
3404
3402
3399
3312
3302
337
3261
411
3246
412
3238
3236
419
3232
3231
3221
3219
3210
3208
3204
3201
3195
3189
3188
409
3265
345
405
3294
348
353
3289
356
3284
3282
3281
359
2800
3275
364
365
393
394
396
3268
268
3456
261
3652
67
3644
3642
3636
3627
3623
106
3618
3617
3615
3610
3607
126
3601
3600
3599
3597
3651
3653
3589
3654
3710
3704
3702
3700
14
18
3688
3684
23
3682
39
3680
3677
3664
48
3659
3657
3591
3587
254
196
3507
3504
3502
3500
3498
233
3495
3487
3485
3484
245
3480
249
3473
251
3466
3463
218
3515
3584
3520
3580
3578
3573
3572
128
3562
135
3551
3549
3546
146
3540
3538
3532
3530
3527
153
3184
1468
444
2967
575
2996
2993
2980
2978
584
2976
589
593
617
2960
2958
2957
2956
2953
598
602
2941
571
561
3018
3025
521
3074
3069
3068
525
3065
3062
3061
530
3052
533
3048
3046
3045
3042
537
3039
2935
2934
514
2829
2871
2865
2858
2854
660
2839
673
2834
2828
621
2827
2821
2814
683
2807
2806
2805
686
659
649
2880
2881
2932
2930
2927
629
631
2913
2912
2910
2908
2906
2905
2902
643
2898
2895
646
2882
518
3014
3160
449
3163
3162
3088
3092
3156
501
3154
3150
3149
3101
3103
499
458
3106
3114
3116
465
498
486
3125
3126
3140
512
470
473
504
3133
511
3170
3083
3080
3179
3175
3167
406
1001
4630
4885
1005
4652
4511
4510
4712
4864
1007
4877
4860
4542
4882
981
469
4888
4889
4645
440
401
932
4771
4656
4858
4778
1027
4651
4728
4782
4512
668
4875
985
1407
4522
1406
4719
4648
984
4706
752
4874
756
69
101
4531
4545
1366
103
4723
4783
4514
4513
457
4634
4727
4866
4865
4879
309
4623
4546
1083
1164
866
4825
291
4582
4580
1088
1082
890
4763
863
861
4749
1213
4748
4573
4823
888
1317
4672
4600
1126
4817
869
4592
4811
4818
4590
4809
4754
4820
4760
879
4602
883
1146
4572
972
4832
1268
4618
219
4562
1248
4738
183
812
1277
4805
4851
4797
612
4855
4657
4856
4551
4659
4565
1052
220
4679
569
4661
1215
334
4835
846
4615
828
4742
825
1232
4838
4839
244
1031
2097
1462
2873
3001
2981
2977
2968
4011
4015
2952
2940
4020
4022
2917
2916
2900
2892
2886
2885
2879
3997
3007
3013
3967
3136
3132
3119
3105
3960
3087
3964
3969
3993
3972
3072
3066
3057
3983
3041
3990
2875
4051
4189
4053
4129
4130
4136
2561
2539
2534
2532
2531
4151
2483
2482
2467
2462
4166
4177
4180
2404
4128
2589
2664
2768
2835
2831
4062
2788
4073
2782
4077
2720
2678
4089
2713
2711
4093
4103
4104
2679
3138
3145
3943
3942
3567
3559
3552
3548
3786
3545
3536
3523
3517
3511
3805
3493
3491
3490
3481
3475
3474
3586
3606
3760
3675
3699
3698
3695
3694
3727
3729
3681
3672
3614
3661
3745
3649
3747
3748
3750
3619
3820
3823
3459
3903
3285
3890
3279
3272
3270
3269
3267
3258
3293
3244
3233
3196
3920
3186
3180
3928
3884
3295
3825
3369
3450
