74
818
27
697
224
223
2429
1640
221
99
293
395
1358
76
120
782
638
1184
1491
807
263
95
1092
52
823
810
1321
636
506
1047
595
197
206
723
494
97
982
654
149
908
350
1459
1722
1076
270
1522
217
1192
1074
456
1823
246
386
1430
1485
328
606
2822
1048
1711
1338
7
2708
225
1203
550
1197
176
200
1674
529
1228
66
692
1802
85
1938
969
384
2032
413
2178
1038
784
1261
108
544
1157
1302
432
775
567
400
92
38
1263
627
3102
2317
1106
158
1534
392
1132
431
327
6
264
1545
3560
429
793
21
1776
44
1057
2862
3056
71
1297
8
1341
2070
1745
280
830
587
1578
2933
2343
94
585
1865
1211
990
1715
1190
234
118
886
1484
1394
1525
1295
928
1804
70
22
548
1354
1099
344
1012
1345
1772
611
286
1039
2054
2057
1799
2077
187
1830
1496
797
2685
459
1454
1310
2530
635
2208
639
1309
664
2541
4293
370
699
727
61
1737
1381
1364
33
2737
633
34
260
2005
209
1705
1382
1835
1754
90
1931
248
535
2552
380
2642
1626
371
604
1786
199
2573
387
1788
274
273
618
834
824
691
466
129
477
311
1362
3366
1355
50
299
2634
1292
2521
452
1809
998
294
558
1922
2651
1440
1492
637
1532
1086
107
2812
150
