3830
3429
3425
3422
3420
3851
3857
3880
3858
3353
3349
3346
3335
3326
3879
2401
4106
1965
2037
1976
4349
4454
4344
4342
1613
2009
2034
4458
1610
4330
4460
4461
1597
2050
1583
4464
4321
2068
4466
4314
4313
4312
2081
4413
2088
4307
4306
1585
2103
4447
4354
4437
4355
4417
4409
1770
4420
1826
4400
1828
4398
4396
4395
1841
1852
4390
1877
4421
4379
1757
4377
4376
4369
4368
4367
4364
1732
1712
4435
4436
1964
4191
4299
1794
2111
2224
2239
4247
1521
4245
2254
2119
4485
4239
4486
1502
4490
4234
4232
4228
2303
4222
2313
2323
4497
4213
1473
2336
4209
4207
2368
4199
4196
2384
2388
4254
2256
4475
2127
2179
2142
4285
4473
4471
4286
4269
4268
4277
2183
2150
2215
4289
4291
4478
1527
4549
4890
4887
4819
4524
4863
4824
4862
3447
1472
1312
3505
1570
3829
4496
3508
3496
3660
4480
4871
4440
4852
4878
4853
4541
1500
4869
1746
4465
19
4846
3692
3603
4666
3859
4813
4084
2194
2181
2801
4270
4628
4725
4297
4302
3711
4008
4608
4607
4747
2051
4086
2721
755
2543
4664
2427
2510
2332
4218
4684
2562
4702
805
4235
2629
4116
2260
4504
4599
4328
4329
3896
3078
1179
1955
4784
4363
3247
3273
3148
3307
3320
4808
3330
4407
1274
3166
439
1973
4335
3970
4758
4593
2030
3966
4766
3120
4892
3894
4844
4840
1379
4767
4347
4419
4821
1396
4891
