227
874
722
1517
1361
547
902
717
2013
2349
2338
677
459
562
2624
1969
927
475
781
2426
606
616
644
1342
1466
1404
1796
1097
94
1046
2286
685
555
20
201
923
1043
1215
1763
494
2275
464
1710
2069
116
462
988
538
52
1368
1346
2473
1913
1224
1921
1481
1463
348
571
423
1058
1300
77
1810
320
1644
1780
2282
2513
2644
612
296
2456
271
128
172
1555
2511
778
2308
962
156
1389
1078
353
1210
2560
1237
381
282
210
273
2750
1384
258
735
580
1255
280
2107
665
1687
937
2220
2640
974
453
2482
1274
1407
1831
1314
2319
1721
741
1748
0
2371
1305
2469
2242
73
275
589
24
567
727
831
1520
1706
2986
151
98
239
72
872
386
1083
47
205
941
886
2188
701
476
448
2283
1618
2116
2141
2902
521
723
841
1158
2357
1064
97
2536
313
1685
1131
1978
133
1907
1526
1661
1782
733
2261
2233
1112
2243
345
1152
493
1194
1889
534
358
666
211
1929
535
915
1502
1646
1211
658
1595
432
532
1860
932
1822
301
2111
824
524
344
2336
1839
2745
869
1626
584
873
439
2044
1561
1754
894
543
1843
1537
2092
1878
662
2034
2391
880
2668
1109
2462
2061
2304
7
2057
1348
906
2874
1397
1484
1154
23
1837
1953
121
314
179
36
651
2559
2160
1320
2761
2046
2290
68
1129
144
399
2081
2505
811
991
1722
2340
87
303
2038
286
1240
1231
106
1992
570
1172
2237
118
969
950
2433
2400
2461
2151
1434
1649
833
1462
1604
499
674
1312
1679
2894
857
1213
676
1345
394
696
888
1980
447
331
1705
2797
905
801
1372
917
339
1168
1636
1578
1783
2072
1412
2799
1766
1500
1357
2606
922
2947
1920
884
1852
484
492
1233
1376
699
660
1938
1002
1121
1279
1697
1686
2568
2298
1598
1405
2125
2258
500
1161
1263
920
1422
2305
1952
2328
107
1144
1491
1564
1802
1388
34
82
2571
599
2508
1981
1071
1651
1833
1247
2226
1925
472
2446
189
1075
2355
786
509
1688
582
966
1563
102
993
2051
246
306
1074
1562
470
591
1713
1386
129
2003
1225
1609
2626
907
2448
164
1736
165
2327
1765
2374
764
1755
359
2101
194
207
2579
2331
1153
2348
264
2527
997
1265
284
2299
2184
2712
904
466
1900
1327
753
1012
1306
369
1070
877
1469
601
1482
1207
737
1814
1179
452
2064
2630
2719
2145
2050
1560
1351
491
2065
730
1827
2076
1879
1747
1771
2886
643
1436
2043
807
1401
1299
2205
1258
1025
1523
2576
1318
1850
1972
1544
2519
1863
1886
1887
2218
728
1899
141
2570
686
887
2150
2054
949
360
1983
2137
586
678
1812
2869
39
1472
934
193
1549
2452
990
261
1429
2927
55
632
1202
1339
2241
1652
2018
1321
2484
3090
585
1008
1358
2688
113
1399
2318
85
1059
373
1515
346
1293
763
96
2350
793
682
1951
2185
1503
110
1845
382
854
498
1487
209
2276
352
294
1725
424
633
1380
1156
1391
1821
157
2767
2875
1447
540
1099
695
1477
1967
2115
1719
1223
1104
2143
225
846
926
1334
2476
327
235
598
1273
2351
691
2173
1236
1165
2762
784
1326
2094
729
311
1125
1542
2052
791
2244
340
341
1750
1310
2478
613
1928
1208
745
592
1379
1596
2683
2541
1296
1184
2322
2323
1533
516
2384
1266
1673
1353
1382
1861
2291
1020
1411
1600
1073
2147
1589
2162
2016
1866
970
1056
1550
2206
1516
2198
2036
1381
1525
2483
1276
749
1365
2020
2569
2425
2706
1113
2512
637
21
975
1354
2167
1954
15
263
968
1086
1973
1180
1593
2303
2851
1041
30
925
1241
2829
38
1568
2004
1970
364
518
2015
2455
149
1876
2561
1498
1773
823
1014
1871
62
1438
438
2398
2438
2515
74
940
2029
2062
2199
2297
2344
2924
75
321
900
1053
1764
1883
1499
400
2130
365
109
272
471
1842
2427
2581
1884
1489
761
903
2782
184
513
1968
2279
2611
1024
864
2656
155
285
692
2620
2332
241
175
1352
1396
182
267
2194
996
1493
2087
2692
1787
2210
2301
3043
2940
802
939
2134
1019
1535
1546
1680
1616
2335
2857
1574
1639
1551
634
1830
2169
2704
1669
2055
248
1768
1514
875
2634
1316
1356
842
1569
2404
2310
967
1103
293
690
2558
2648
866
322
1367
2802
1023
2341
755
867
2950
2195
1418
372
1811
2379
2685
2189
1731
2784
2844
1990
860
2687
1409
1801
1891
1288
712
469
1923
3010
510
1282
1507
1781
573
623
619
1088
1234
1148
630
2938
705
3051
826
865
1785
1134
681
2592
706
2409
721
947
1800
2090
1277
2063
1506
1290
931
1133
1393
2572
1859
2528
2172
2467
1834
2180
1882
1480
2071
2083
1095
847
933
956
1788
1823
2077
11
13
1452
1413
2122
2281
1476
2459
1654
1838
25
26
392
460
28
1997
2129
1230
37
1511
1873
2168
2575
489
1042
2543
49
768
2367
2518
2567
1808
56
669
1757
1423
63
2414
759
1468
2897
1846
2026
312
901
1117
1474
1647
1865
2127
2284
2636
2801
1137
2853
1490
79
88
625
436
525
2621
171
2262
578
818
1222
1370
1629
1817
2715
3065
2490
830
1096
2021
112
2721
1343
297
125
136
895
1828
1807
943
2734
147
2128
1301
2870
1261
2903
530
1666
1196
2916
787
1284
2714
1541
1140
743
1017
1753
3021
1662
1050
1443
1625
1643
1350
2186
2309
2413
3002
2165
1192
430
1893
2048
1903
1613
1147
2178
2269
1611
1640
1908
2397
2439
785
1648
458
2067
1580
3013
473
1635
1966
2329
1029
1375
1608
2821
387
2607
914
1877
2232
989
2523
3000
536
832
945
2520
1330
2793
1844
375
1332
2460
2773
390
393
1594
870
1789
405
575
1671
1692
1026
1115
1534
820
565
1497
1946
2603
1198
1912
649
2103
2671
1664
2696
739
563
576
2182
1867
1760
891
2025
913
1509
1902
2666
618
2302
935
2657
2584
1185
1170
1962
2330
2353
2609
769
684
1366
2665
2347
1989
746
2293
1093
2552
1003
798
805
2217
1048
845
850
2266
2537
1280
1948
2981
2209
2546
2616
1421
1853
2707
1730
1496
1510
1
1898
2557
1770
1756
10
12
2591
183
16
417
380
1311
86
1906
395
617
627
1444
2120
2235
29
2376
2999
3040
1518
1615
2416
2468
245
1090
2480
130
2231
2578
2708
374
427
2114
1006
289
844
450
1914
1428
135
441
1715
1847
1974
2646
2562
2124
501
1784
2190
2506
1605
2925
1924
191
663
758
777
976
2534
2631
1270
566
1011
1727
1820
2270
533
105
607
316
495
2249
1454
2928
964
928
732
2722
1682
2252
1229
1587
269
2661
2921
1909
1601
1005
2826
168
2424
2659
1252
1767
1298
2563
185
2906
2862
1623
2219
2346
2825
2121
1171
1728
253
363
1734
2017
2366
2056
2158
465
648
885
999
2268
2300
673
1660
1935
2836
2388
1941
2014
972
229
2614
653
782
1958
2171
2674
428
251
2643
444
655
2285
2778
266
2622
2479
270
672
1591
2096
2246
326
2240
2892
2995
1072
288
290
2772
1849
992
1141
1013
317
929
2254
2910
638
2317
2429
2287
2944
1624
1427
2585
1398
1456
1181
1437
2273
756
2005
2239
2450
2935
3024
385
2627
531
389
839
409
1461
2365
2149
2423
435
529
2225
2859
1934
1896
2795
588
2203
2098
481
1917
2078
2530
1373
2486
2142
2854
1581
707
502
2936
1824
554
724
2931
698
1956
1267
1602
2082
2472
859
2380
710
2385
893
704
3011
1292
2881
3048
1322
1751
2604
2582
657
2024
3073
836
1683
2660
3079
2983
1471
2295
838
2880
744
1543
1118
2373
1684
1395
2984
1193
1991
919
1403
1304
2629
959
2260
2529
983
1708
2383
2729
2419
2946
2816
1848
2654
1303
1297
2415
1620
2408
2651
60
5
2678
2724
788
2502
232
1486
2980
22
946
2403
1355
2682
2887
2653
2988
204
1607
1657
2526
725
2074
2535
44
1528
2970
3014
1744
3004
3063
177
1200
1749
1790
51
3029
1239
2978
2932
1998
2919
61
1693
1862
835
1892
1111
2507
954
1201
2911
670
944
1199
1881
1936
2686
2794
868
1995
1942
1475
2748
1975
3012
2215
541
1378
1529
2599
2968
2975
553
2445
1190
2059
2598
2667
2791
178
1739
1122
2422
2368
127
454
2612
1809
203
2673
403
1689
2113
3081
1440
2605
2832
1178
2700
716
2010
1694
3078
1347
2979
304
910
1495
1732
197
789
1627
2811
2943
1965
546
1857
2196
3037
958
1271
1571
1696
2814
324
238
609
2006
2672
668
1442
1455
243
808
2257
2733
1778
1735
255
1797
2139
624
1642
796
1943
1016
1628
276
2306
1037
2208
3056
2610
2711
2250
2525
2961
2775
1062
2945
2564
703
332
2088
2223
2068
337
740
2751
3008
350
2809
2863
953
1285
2842
2311
2361
2777
377
2743
1087
1729
687
2464
396
2136
391
418
1163
1392
1264
2267
2126
2132
3019
1726
1257
1374
2152
2913
1335
1431
2420
2813
1031
1254
2957
512
2042
2153
1984
2292
1963
1996
1439
2693
2278
2428
2848
611
2390
2443
2676
1979
1268
2681
1430
1742
2251
2818
1426
2040
1055
1424
2632
2738
1536
2759
1473
1576
1851
3044
2574
1641
2649
2256
3017
2498
1045
2491
2831
2389
1868
2754
2522
1197
899
1835
1136
1597
1100
1191
2839
1944
1864
1885
982
2539
1794
2948
2747
1453
2548
2705
1126
1417
2577
2359
2315
2545
2779
1656
2720
1294
1723
2542
2694
2635
1746
2410
2372
2905
2517
2214
1027
2011
2895
664
852
1741
3053
2166
2960
2755
2104
2966
93
2822
1818
978
2723
2163
2022
2325
2324
2752
2954
2845
50
1102
2201
2850
2070
1116
2637
1553
455
1630
2550
1110
2033
1740
1733
1961
2234
2288
2669
2878
3083
3087
2170
2360
779
2131
2618
3047
1250
277
2089
2835
2362
268
819
2356
2191
99
213
2554
2728
3069
101
1905
2982
2343
1009
2503
1114
2174
2075
2435
2885
1918
2097
2658
1806
882
987
1512
1704
2583
760
800
370
2798
202
2485
2969
817
1513
2823
1522
2955
173
1044
639
3020
2872
187
188
1622
3022
1235
2236
309
1947
2590
208
1449
3086
1584
2883
558
2841
485
508
1209
1538
1663
1869
2093
2202
2481
2521
2294
1077
2817
810
2144
2806
851
2487
2533
2211
252
2792
257
2095
549
1167
1302
3015
1337
1446
1577
2930
278
281
2381
283
480
2852
2866
806
2442
2710
2790
2976
3033
3101
2334
1094
2280
1711
2987
305
2922
1762
2345
2915
1915
1034
2615
333
1645
829
2623
2898
1994
635
2580
2595
2378
2769
356
2879
1269
2108
1964
2893
916
1460
2394
2633
2788
2326
3007
383
2662
856
408
1556
1204
2154
2253
2967
2358
1416
1341
2500
478
2803
1698
1617
984
507
2675
523
715
1127
1532
1435
2765
2737
2876
2596
1840
2647
2161
2271
2588
1957
590
602
1248
2453
2204
1720
2742
2888
1325
1945
2086
2436
1283
2496
629
2900
1001
1655
1874
2670
1146
2896
654
2540
2159
2354
2908
2959
2289
2846
1927
2035
1174
1897
2771
2047
1930
2645
3061
2689
2100
2342
2736
766
2628
1038
2890
1123
2255
2861
3050
2952
795
1894
2421
3032
1253
1157
881
1501
2641
1160
1816
1242
1803
918
924
1494
2437
1841
2497
986
1950
2758
971
1982
1690
1244
2680
3095
2783
1759
1028
2776
2855
1545
1068
2718
2993
2830
2815
2187
1128
2405
2972
2339
2221
1220
1329
2697
2677
2856
2780
2387
2757
1717
1256
2085
2889
2238
1901
2991
2939
2828
2547
3070
2904
2849
2549
2807
3055
2812
1465
2396
1793
2774
2192
1540
1565
2586
2106
2746
2032
2973
2058
2031
2110
2739
2899
2652
2247
581
2140
1448
2079
2197
2337
2990
2049
1313
1130
2544
2224
3059
1904
2023
2164
2642
48
1349
115
1557
3098
59
2760
3076
222
70
2265
3038
1360
1457
2556
2985
3075
3080
1777
2847
78
2313
2041
2412
2509
2918
1634
1701
539
3089
131
2732
1832
2703
2756
2949
3067
2510
221
2789
2222
474
2601
1940
3066
1260
206
2912
1169
2864
218
1206
1585
2920
2725
242
942
2463
2179
2602
1275
1524
2551
559
1307
1249
2923
2713
2008
1188
2600
2740
2800
1772
2474
2690
1415
437
2865
323
1691
328
1916
2516
3006
718
2272
593
2012
2532
1960
2492
2399
2701
2639
2457
3028
368
1521
2834
3088
1333
1363
2176
3092
2764
416
3052
2820
426
1151
2449
2183
714
2230
2837
2555
2597
2709
2296
2037
1819
1527
2858
1677
2937
3016
2407
2679
2664
2810
2454
1573
2370
557
2060
2867
2475
572
2749
667
3018
577
2441
2447
2840
2655
2434
2873
1779
1791
2977
1614
1707
2494
2731
2566
2593
1919
1567
1985
2156
2501
2964
2002
2027
3005
742
2730
2377
2430
2263
2009
762
1718
1504
2321
780
2133
1139
2028
3003
797
2727
814
816
1959
2200
1566
2962
853
3031
2877
3057
1776
1712
2369
2699
2781
2045
1572
2909
2914
3062
2248
3039
3042
2917
2717
2770
2417
2638
2458
1089
1323
1021
3085
1049
3071
1098
2118
3060
2891
2395
2934
1792
2102
3027
2316
2181
2352
2785
2833
2868
1505
2587
2613
2175
2998
2884
2109
2135
1583
1888
1659
1548
2531
2933
2702
1638
2091
3068
2963
2827
2787
2956
3030
2382
2951
2860
3091
2996
2843
1408
2393
1155
2691
2805
3001
3035
2808
1149
3064
3097
81
2589
2617
2926
2470
146
158
2477
948
2965
2971
1232
2907
2871
1795
2838
1582
1880
2824
2958
3054
3045
2392
2227
2726
2488
3094
2768
1700
622
2650
2431
1243
2451
343
2099
2245
2019
2786
1699
979
1228
803
520
2080
2695
2538
2259
822
656
2766
2411
1175
2565
3099
1458
2146
1588
2264
1362
2229
1145
2741
2763
1007
2698
1000
1022
3077
3049
1324
1926
3096
1221
2819
2001
2992
2716
2504
1402
3104
3034
3046
3023
3009
3100
1650
1829
2608
2193
3025
2444
2953
2735
2804
719
2941
3026
1419
2994
603
361
3036
2753
3084
640
2796
1890
1910
2901
2594
1875
3082
2440
2974
1633
2942
3072
3074
2882
1328
3105
3058
3103
1922
3041
2929
2997
2989
1359
2177
3102
3093
