53
351
265
111
527
379
561
298
560
100
148
295
1251
443
957
180
67
504
552
1612
713
4
299
145
646
90
446
43
765
132
711
792
398
137
224
114
1432
1385
963
431
1575
35
827
371
890
960
402
772
163
2155
843
126
1195
1317
1039
574
1287
773
226
212
32
544
594
139
300
1238
92
2216
1377
199
336
91
1085
422
169
821
138
628
515
754
1132
411
57
545
64
897
2207
614
734
250
1259
1786
419
108
1047
27
776
445
661
420
291
752
840
702
848
1519
1667
496
216
497
775
1018
315
1933
1272
219
1485
790
683
1390
961
461
1189
330
1632
1445
414
862
378
1060
1124
254
693
583
1433
404
233
879
1076
14
143
750
40
45
1470
71
76
1743
679
214
855
220
166
1286
1010
215
80
689
700
2148
1092
1653
421
1825
244
256
1105
1805
621
595
334
1937
1212
1856
310
329
528
2000
1478
1214
1586
1162
809
551
1599
2138
1492
6
1559
434
176
83
482
995
1988
597
262
876
142
366
556
84
397
804
451
1441
550
1183
511
1182
1579
468
1051
1135
186
738
1331
770
1032
287
347
2432
680
1187
579
936
1065
160
2489
568
355
610
1081
477
1036
1668
490
1592
1138
302
318
1675
1340
1895
1150
1227
694
1716
1798
522
384
858
124
325
415
117
2471
506
162
95
1308
1672
647
1703
889
626
319
1246
1769
514
192
747
488
812
240
1015
1570
1425
542
1949
892
1911
955
65
69
104
66
1079
1383
1450
1467
41
1547
757
200
1217
1054
1977
1714
1371
167
152
799
1637
1658
645
338
1057
1610
260
1709
354
503
425
1084
650
1120
911
54
1738
2573
2333
751
1004
1464
1315
980
307
119
153
388
604
1804
442
2312
487
1858
2030
697
505
2123
103
1035
726
1063
2406
1143
123
259
196
159
1164
2084
2663
1030
2314
217
1069
1106
537
2157
2375
2039
731
367
659
1631
1387
342
1530
120
1826
433
2320
31
1091
279
608
134
198
58
736
154
1203
1813
1459
1080
2066
1939
952
1410
994
631
349
150
2524
605
1870
998
930
140
2307
1774
587
1855
1336
2493
237
1205
1066
1483
815
2073
1406
456
1854
2228
2684
2
2402
9
615
720
1107
1040
18
407
1281
357
2274
1932
708
1173
1799
1999
849
783
1119
1678
449
195
412
1872
2553
1338
834
1775
89
362
1159
767
1724
410
231
1815
2277
228
1702
1364
1758
813
1955
1309
1987
517
1488
401
190
1245
1369
908
2007
709
440
828
429
1590
2105
985
2213
2053
413
1177
1291
1986
871
1695
3
636
671
1420
8
1101
274
17
19
170
2363
181
467
1394
1665
2625
1971
1219
42
938
878
479
912
1400
688
977
1319
620
863
1052
2112
1067
981
2466
223
1289
308
794
564
1344
641
569
1414
483
896
2744
642
1670
898
2401
973
2364
1676
2386
652
1603
1539
774
2619
2418
234
1606
825
463
406
1752
1082
1166
596
1836
1674
376
951
1142
883
1479
1295
1451
2119
1218
2499
600
1108
1993
1931
161
457
1033
748
46
1621
1976
1262
1508
33
1278
1186
1554
2212
486
1552
335
1531
1745
1619
2117
526
1737
2514
675
230
1681
1176
174
1558
909
247
837
249
122
519
921
548
2495
292
1216
1226
2465
861
965
1061
771
236
1761
