28
1695
1409
1333
1059
806
689
1520
1531
1825
994
1230
1212
27
930
381
124
1584
548
840
2464
746
1299
414
1262
1652
1703
362
1246
697
1418
901
965
886
244
810
1324
1477
770
1689
747
727
130
1221
1398
921
1166
1527
491
1032
2093
733
1294
703
870
1365
113
728
175
195
712
1711
358
2014
1153
17
87
179
590
1369
1867
588
1725
1277
1131
114
1854
79
1935
2117
589
919
1913
757
1576
1804
1033
1708
1995
659
2302
669
2141
2017
1196
1643
1619
1909
547
38
911
1067
1288
896
1636
436
768
638
437
1827
1045
1227
655
599
1195
1211
667
1690
1680
254
2275
1757
1138
2254
1381
800
1193
1099
1608
788
169
888
1852
420
1574
2154
380
1301
639
575
1036
1435
1472
1420
1414
1528
2325
2034
1622
600
1379
270
1838
1666
2050
537
710
2323
1892
1352
1233
1546
94
1113
348
1403
1796
815
2180
259
2091
2073
962
2002
2189
1204
1841
1315
37
1489
924
793
2197
2109
327
31
1679
763
1794
1291
559
607
819
851
1158
1326
304
457
423
1465
951
370
996
1835
1639
1187
1621
252
323
972
1181
268
1808
582
1408
1397
1962
133
341
329
1678
391
970
350
1831
388
2077
1160
564
335
1359
683
690
775
245
468
956
613
478
1662
26
641
1185
431
2721
1375
909
2088
1518
760
1692
592
722
945
1132
1419
1452
267
18
199
643
802
1641
610
673
2227
1795
774
448
1305
1328
1499
430
1390
1182
1096
1613
572
701
1402
519
2540
730
1617
2067
1269
1813
1910
1050
1686
846
123
1073
1743
121
417
1020
977
622
487
462
1994
1332
565
2228
1456
367
1159
1904
1308
785
2356
1168
1657
1207
895
1656
2223
116
1560
2375
469
583
1992
677
947
1388
837
1751
517
363
497
847
661
975
1424
52
954
1380
1391
1897
1179
237
1184
202
102
1868
2108
1563
2070
679
1282
2045
632
1872
606
783
2345
869
378
1800
1674
1988
536
444
1064
2234
197
1150
963
1259
190
1232
1785
563
49
2476
2480
1297
1647
1172
83
1451
2140
153
1541
34
1996
1223
1847
1363
1764
306
2178
1672
1682
1373
1691
946
2158
812
706
1894
1595
1470
313
912
2247
968
1655
1819
2340
2307
2125
2241
503
300
1498
1331
1311
1101
753
1041
1530
1147
1884
375
1849
545
1049
1393
928
570
1575
1361
922
1086
281
872
1481
1210
1376
1554
1367
1797
853
765
1173
29
71
2235
918
1965
2453
59
786
1789
878
1944
1978
1956
1733
1594
648
1766
1054
385
2452
494
755
1448
935
2193
1724
1940
636
2152
178
1443
976
1475
835
2104
2351
1866
1163
797
841
1582
1928
453
392
1762
1069
283
1914
2053
587
488
205
1551
92
409
739
1580
1784
675
355
850
2332
1371
692
2031
1360
1728
999
1217
1427
745
2052
981
227
2028
1218
2190
1462
1507
1056
1485
1081
386
1684
403
2161
1787
1864
357
216
1521
115
1062
2085
2360
627
2099
239
458
1664
2065
295
1144
2007
2608
1984
1953
1817
2204
929
1792
1990
2184
1961
2212
2207
2519
707
1423
273
1038
2267
2623
2037
1730
1650
2215
1075
1405
2368
2653
562
1612
558
1357
1395
1735
1519
1967
1927
617
1283
2618
1772
1088
544
917
1502
521
1120
1254
941
1983
1007
2224
353
372
1883
1197
852
2169
395
623
1782
1698
78
1115
2404
1072
399
714
1659
1347
569
1017
2057
2185
2191
1642
1119
814
820
1245
2132
1561
2358
2192
152
2071
1529
2090
474
67
910
2772
263
2015
1629
1111
1317
2151
2281
1487
2416
743
1740
2427
1016
1863
2398
973
1483
428
2564
1778
2137
637
1156
2100
2113
1651
1162
1492
1272
15
2674
1936
902
1851
1145
779
862
1125
2205
2139
1709
1266
2036
499
1765
752
906
36
2172
1646
9
942
1479
807
914
390
828
180
777
1615
1631
1886
756
913
1926
1241
2628
2437
1314
2214
1348
905
1547
1755
2365
662
1083
2040
1859
1515
2668
593
89
1247
1548
2377
1426
1482
1370
2000
1882
1455
2410
771
531
2594
742
2372
1857
1823
2220
676
2019
1702
1417
2742
580
1432
2079
1701
1121
2069
297
2114
1578
804
1918
1169
1186
628
2270
2274
1732
1466
1205
447
1261
1822
1525
1663
2203
1856
2306
2216
1729
927
1228
1567
526
843
2571
1171
897
1534
1189
230
1265
1445
2120
108
1832
1296
2163
2483
866
1289
167
2311
1947
2362
1745
2577
1141
2202
2537
2187
1571
2145
2477
2128
1989
1821
1416
307
2210
1098
1285
1753
1202
2810
99
2232
855
1339
2288
1620
735
934
2637
1885
1907
2182
1943
2414
992
1321
2612
1464
1071
1876
2499
1267
2292
2287
978
1734
2462
2162
1093
1596
1157
1206
2444
2101
1055
2242
1697
1310
1014
1372
1776
241
1950
2127
1671
1921
1263
1916
1718
2778
601
2666
76
2299
1103
217
2591
200
2386
368
377
2118
2136
2490
1540
2147
1727
2142
1225
920
1066
2712
864
881
1200
1799
624
2549
2310
301
1143
2048
1706
2465
634
1229
1082
1109
2739
780
2866
2086
213
1106
1031
2023
2032
2646
8
1421
1683
1748
568
2295
1974
2130
953
2221
223
2441
961
1077
1858
2736
591
258
1598
708
2008
971
2119
2510
1021
2005
1954
809
984
2305
2627
509
2316
542
629
1658
2451
198
410
1491
1124
155
1295
2081
128
1744
2009
479
2342
1971
2397
2763
2396
1816
1704
2333
612
1051
2555
1738
2344
2222
465
2929
1533
2649
891
2418
319
1496
1152
887
2066
2134
1300
2194
2622
2387
685
1039
1292
849
2209
1110
2233
1982
2208
2059
527
2542
2226
989
2072
2774
2917
900
2945
621
704
1104
1558
1887
2291
759
2803
1429
1806
2043
231
1433
1523
2769
1471
2431
1545
1975
1079
1323
2535
63
157
344
1963
2329
664
2550
1238
2832
1922
2103
2961
1955
1346
492
163
1908
1705
1219
1356
2717
2766
1626
940
1747
2496
2573
1929
792
2578
1902
1604
1252
1526
1719
2056
2458
135
842
66
1003
1791
1309
2047
2642
405
75
1345
3081
2848
1097
856
2402
791
2861
2278
2901
1840
1080
473
2574
2722
1029
1893
3009
2038
2112
272
1040
1377
1394
289
2508
2421
2312
2636
2744
1714
892
1517
1566
744
1959
1107
1198
1473
1431
2585
1593
1004
1242
2528
290
986
1957
2229
2075
2447
2684
1802
1634
2179
2715
772
296
2354
1000
33
2371
1715
658
406
2012
1351
1834
2201
1386
2051
1542
2030
1670
1570
1775
1932
2298
2846
2484
2515
2026
2747
529
1824
1585
2732
2149
1070
1503
831
1222
2046
1306
1731
1484
275
1939
1668
2533
1895
2845
2245
2286
818
2579
616
2479
1790
2918
2560
2635
725
2912
680
2438
2044
1581
2491
2173
2614
1694
2110
1968
1506
2460
2087
1497
889
967
1167
2326
2601
1559
2198
2355
2265
2595
393
1675
1931
2042
2025
2488
1911
2557
1649
2094
2669
2157
2392
2718
1123
2138
2167
2654
2374
916
1609
2523
2885
839
716
1178
1712
2341
1980
318
1720
2875
1970
520
1991
2175
1161
1268
2279
2981
1133
1788
2710
2273
1880
2074
1154
1047
1606
960
2580
1126
2905
1023
1786
1815
1002
2144
2686
991
2346
2695
2249
1490
1912
2321
2353
1900
2754
2821
1761
2105
2225
2606
2500
2524
1923
525
1948
1665
2102
2343
2823
257
2854
2219
1488
1673
2339
1810
279
903
2146
2257
2829
1364
1177
2412
2347
2853
1065
1633
2268
2359
2973
1842
1917
1754
2348
1873
2467
2765
2817
2097
1486
1458
2663
222
2582
2703
96
1005
3091
1255
2534
2156
2449
2690
1826
308
2705
3149
1878
70
1253
2211
2304
2729
1543
470
666
2200
1763
1999
2513
2443
2723
859
2001
1092
1437
2230
2958
2556
2470
2364
2455
1688
1213
1812
1925
2213
2409
2657
3194
2878
2322
2170
2426
1476
2922
1027
2039
1807
2231
1654
1589
2652
796
1136
1721
2541
1906
769
2752
293
1945
2271
2472
2531
2589
2115
995
366
1723
2562
778
2403
2516
2716
2887
3013
2849
2143
2494
2785
1737
1669
2707
2596
413
1384
2315
2783
3381
2253
1243
1681
1865
2309
1512
1607
2648
2041
3116
1600
1969
2111
1616
899
1860
705
3089
1888
726
1839
2021
1997
1648
346
2934
1638
2335
2035
2408
1327
2246
1538
2665
2641
2385
1129
2687
1220
1024
1164
1830
2530
2733
2904
2027
2609
1383
2098
58
3058
1256
1410
2870
2775
496
1442
1814
2255
443
2388
2677
2489
2605
1903
2373
2719
1556
1891
2985
750
2064
2456
1273
1890
2680
2165
883
653
2702
2877
2843
737
2199
2586
2847
2338
2150
2850
2432
2782
2380
1781
2084
2290
2349
2713
1043
1676
2979
2020
2898
2954
1544
2078
1801
2406
1845
3067
3298
2624
2033
1987
2655
2889
1915
2400
2429
2650
1463
2857
2217
1013
2572
2450
2924
1504
2171
2514
555
3200
415
1829
2704
1818
2863
1610
1770
2258
2336
2269
1553
2260
1713
1552
2518
2603
2822
1756
2532
2558
2289
1877
3005
2024
1583
3189
103
2018
1938
2181
2495
2570
2546
2597
1480
3141
2352
2881
2135
2753
1809
138
1875
2272
2419
2459
2522
2643
2830
2969
959
1215
2486
1771
2183
1889
2061
2971
2399
2131
3028
2563
2174
2982
3102
2789
2133
2297
1467
2176
3016
566
1130
1278
2293
2497
1537
2953
1274
3083
2932
799
3133
1736
1155
177
1837
1450
2251
2504
2804
2955
2478
2424
2435
2284
2538
2567
2633
1958
1240
1624
1946
2296
2330
2487
2575
3032
3059
1941
2694
1276
2987
3069
2244
2383
2442
2869
3079
2405
1861
2967
1637
2561
2839
3043
2153
2022
2662
1565
2939
1522
2095
2607
2758
3026
3040
2679
2428
2840
2592
1061
1869
2675
2761
2814
2062
1769
2082
2188
2401
2757
2813
3017
1568
2439
333
2503
2164
2768
1717
1924
2762
2828
3100
2593
1536
2320
2526
2784
2975
504
1108
2776
2493
2369
2902
2063
586
1535
2122
2259
2407
2809
3199
1461
964
1696
2285
1411
2834
2554
923
2107
1599
2791
2879
2966
980
1046
2324
2613
2835
2921
2457
1746
2004
2261
3109
3090
2583
2155
957
2856
1216
1231
2448
2547
3122
3277
2509
2986
2632
2824
2681
3130
2433
2389
2411
2434
2611
2661
2946
2826
2812
2691
1726
1899
1087
1793
1850
2461
2909
2998
3052
3275
2743
1687
2283
2682
1937
2006
2013
1270
1434
2616
2805
1811
1139
3185
1501
2764
1112
1495
2639
2884
3219
2463
1862
84
3072
2701
1966
2908
2786
2683
1454
2317
3008
1549
2502
2630
2779
2947
1590
2735
2844
1312
1085
3010
1459
1068
2121
2068
2454
2893
2617
633
2899
2474
2076
609
2148
2376
2381
2746
3249
1846
3098
1605
2629
2907
776
2964
3262
1474
2370
2543
2936
277
2092
2318
2672
2730
2860
3006
3127
3310
3380
2737
2859
2363
709
168
2393
2055
2282
2724
2559
2827
2517
3260
2379
2539
2678
2714
2808
2811
2831
3179
3239
3156
2906
2759
2787
2060
2952
1677
2781
1752
2874
2741
2011
2366
2815
1976
1855
2529
1439
3234
3121
3139
3255
2471
2943
2851
2420
2698
2576
2897
2771
2505
3205
773
2545
2106
3114
2248
3157
3210
2992
2951
2994
2995
2836
2699
2553
3150
1329
1505
3162
2481
2745
3254
2864
3211
2436
80
98
181
2760
2816
2910
3094
3137
2696
2795
1355
2350
2423
1972
1601
2706
3398
2468
2970
2243
2492
2900
3062
3174
3233
2445
1693
3002
3001
3333
2930
3232
171
2788
764
2841
1214
2755
1313
1446
2049
2833
2838
3360
1539
2944
1896
3354
3135
2280
2337
2029
1843
2728
2485
2640
3209
452
1779
1798
1805
2054
2331
2425
2670
2820
3000
3152
3203
3212
3236
2303
3224
2689
2807
2159
1930
3193
2301
2996
2536
2693
2800
2796
2430
1149
1438
1828
2327
2511
2949
3387
1404
2749
3004
2391
2566
2926
2688
1767
1591
2651
2644
2708
2865
2920
2927
3161
3178
3202
2010
1739
3235
3120
2415
2957
1286
1768
2498
1428
1879
1881
1406
2925
2602
2756
1493
1952
2525
2620
3061
3265
3273
3296
2367
3158
2997
3304
2615
3163
3318
2417
3092
501
2697
2837
2942
1401
2527
3064
1478
2565
3041
2361
234
1836
1964
2819
3148
3301
3358
2794
2166
1749
3119
3112
3113
3422
2521
1759
2659
2126
2277
3240
2552
3055
2186
3218
2638
2894
2993
3015
3082
3086
3153
2252
3291
472
2888
3213
3054
3467
827
2868
2256
3160
3226
3344
2780
2413
2797
2886
3077
3140
3184
3288
2725
2972
3279
3019
2999
3045
1979
2604
3105
3145
2825
2660
2394
2236
3317
2968
2965
2818
2177
3222
2801
2727
2475
2890
3197
1191
2569
3323
2440
2671
3023
3030
2588
2482
2551
3103
3393
3169
2621
2842
2895
2319
2384
2196
2218
3011
3035
3053
3066
3075
3165
3259
3321
2931
3093
3300
2731
3206
3258
3033
2983
3155
3334
1089
2619
1042
2590
2610
2928
3038
3042
3047
3124
3136
3175
3229
3306
2506
2631
3076
2313
2923
2300
3173
2276
3126
2959
1933
3346
2911
2891
2989
3195
2501
2862
3220
3307
3329
3299
1118
987
1298
2240
2544
2750
2978
3070
3132
3281
3350
2466
2903
3087
2395
3336
2587
2882
3085
2625
3268
3335
3442
3125
3215
3383
3201
2667
2748
1362
3154
2798
1981
2799
3044
3263
3314
2871
1341
1898
3426
3397
595
3159
3339
2520
2941
3237
1722
3048
1985
2238
2390
2584
3243
3331
3056
2294
2581
3351
3295
2328
3147
2266
3031
3403
3007
1742
2883
2168
2160
2656
2855
3257
2083
3111
3221
3115
2473
3252
604
2507
2738
3248
3385
3415
3443
3447
3466
2548
3462
2568
3018
3037
3411
3183
2876
3272
3284
3177
2685
3251
2647
2790
3377
2751
2990
3101
3207
2129
2867
3330
2792
3405
3142
1588
3286
1592
2469
3027
3129
3034
2740
2916
3250
2880
2980
3123
3214
3502
2711
1513
1973
2770
3472
3022
3437
3293
2938
361
1625
2896
3117
3131
3025
3352
3099
3186
1090
2262
3469
3106
3143
3144
3198
2692
2976
3012
3182
3348
2080
2777
2962
3036
3294
3282
1710
1602
1176
3274
3241
1569
2206
1557
3328
3060
1116
2308
2734
2793
2919
3204
3223
3228
3302
3363
3430
3451
3458
3570
3320
3516
3181
3271
2382
2422
1773
1516
3246
2658
3388
2089
3418
3488
3176
2700
2988
3151
2720
2977
505
1803
2676
2892
3134
3374
3446
3480
3020
2599
3014
3325
3046
3343
2634
3287
3475
3029
3364
2940
3457
3547
2237
2512
3347
3095
3270
3482
3050
3357
2806
3327
3024
3230
3316
3416
1874
2767
3208
3303
3372
3417
3478
3553
3276
3362
2773
3431
2858
3500
3413
3097
2873
3285
3499
3341
3322
3490
2239
2913
2123
3065
985
3118
3394
3515
1919
3227
3242
2915
2802
3063
3192
3266
3305
3404
3449
2935
3280
3558
3231
2984
93
1942
3573
3073
3382
2334
3084
3414
3498
3567
3554
2673
3312
1468
2096
2852
3278
3511
3438
3313
3476
3168
3401
2914
3402
3464
2264
2991
1422
2937
2950
3049
3225
3253
3384
3425
3440
3421
1716
2872
3261
3533
3096
3461
3629
2974
3419
3088
3408
3429
3509
3188
1853
3369
3187
3395
3338
3238
3308
3495
3531
3216
2664
3110
3353
3356
3444
3556
3580
3454
3166
3245
2960
3551
3057
3517
3256
3068
3355
3496
3571
3612
3021
3521
3544
3538
2598
3424
2948
3460
3370
3470
3527
3365
3513
3492
2378
3412
3506
3596
3391
3579
3146
3170
3319
3342
3491
3546
3390
3510
3003
3051
3297
3332
3386
3433
3448
3504
3518
3539
3549
3550
3654
3605
3309
3468
2963
3507
3524
3180
3668
3659
2600
3359
3626
3217
3104
3577
3512
2933
3591
3562
3191
3519
3465
3290
3610
3616
3477
3167
3540
3409
3450
3366
2645
3569
3071
3564
3535
3107
2726
2956
3080
3164
3171
3367
3481
3493
3497
3575
3624
3289
140
2263
3368
3459
3620
3456
3660
3501
3642
3522
3561
3541
3345
3525
3487
3655
3315
3326
2314
3244
3598
3652
3503
3593
3441
3484
3588
3074
3555
3373
3623
3494
3283
3563
3267
3292
3379
3389
3435
3445
3474
3489
3607
3434
3559
3078
3376
3508
3396
3625
3453
3638
3661
3600
2626
3452
3479
3609
3439
3172
3349
3128
3603
3269
3585
3613
3523
3587
3311
3542
3375
3406
3463
3483
3526
3568
3639
3646
3656
3665
3667
3670
3371
3650
3583
3611
3560
3599
3529
3324
3399
3604
3678
3400
3601
3621
3673
3615
3407
3039
3594
3597
3606
1640
3581
3649
3608
3455
3486
3190
3428
3641
3595
3108
3634
3572
3633
3247
3378
3514
3534
3548
3565
3566
3574
3582
3622
3640
3644
3647
3651
3653
3664
3671
3672
3675
3520
3658
3138
3643
3657
3648
3485
3627
3505
3590
3663
3637
3669
3628
2709
3545
3630
3632
3552
3617
3392
3436
3645
3584
3537
3631
3557
3410
3578
3576
3619
3340
2357
3589
3532
3592
3471
3473
3602
3676
3677
3528
3432
3420
3530
3635
3536
3614
3427
3636
3337
3543
3196
3618
3666
3423
3586
3674
3264
3361
3662
